09:40:45.000-09:40:50.000,0,1,0,0
09:40:55.000-09:41:00.000,72,316,41,3
09:41:00.000-09:41:05.000,89,298,50,1
09:41:20.000-09:41:25.000,90,300,37,7
09:41:40.000-09:41:45.000,85,288,54,5
09:41:45.000-09:41:50.000,64,308,47,4
09:41:55.000-09:42:00.000,82,306,41,10
09:42:20.000-09:42:25.000,91,308,42,5
09:42:40.000-09:42:45.000,77,305,42,7
09:42:45.000-09:42:50.000,70,318,37,1
09:42:55.000-09:43:00.000,87,288,55,5
09:43:20.000-09:43:25.000,64,316,49,2
09:43:40.000-09:43:45.000,84,297,46,4
09:43:45.000-09:43:50.000,79,297,47,4
09:43:55.000-09:44:00.000,74,310,43,4
09:44:20.000-09:44:25.000,83,297,44,3
09:44:40.000-09:44:45.000,71,307,49,2
09:44:55.000-09:45:00.000,83,294,44,2
09:45:15.000-09:45:20.000,81,296,53,5
09:45:40.000-09:45:45.000,86,294,44,1
09:45:55.000-09:46:00.000,88,310,41,5
09:46:15.000-09:46:20.000,77,295,49,5
09:46:40.000-09:46:45.000,89,296,46,3
09:46:55.000-09:47:00.000,34,139,14,2
09:47:15.000-09:47:20.000,84,301,50,5
09:47:55.000-09:48:00.000,53,181,25,4
09:48:15.000-09:48:20.000,78,297,57,5
09:48:35.000-09:48:40.000,94,287,48,4
09:49:10.000-09:49:15.000,89,288,46,5
09:49:15.000-09:49:20.000,71,309,44,4
09:49:35.000-09:49:40.000,95,287,38,3
09:50:00.000-09:50:05.000,85,304,39,2
09:50:05.000-09:50:10.000,104,283,44,3
09:50:20.000-09:50:25.000,79,296,43,1
09:50:25.000-09:50:30.000,79,287,44,6
09:50:40.000-09:50:45.000,96,307,45,6
09:50:45.000-09:50:50.000,85,292,49,6
09:50:55.000-09:51:00.000,84,294,41,2
09:51:00.000-09:51:05.000,81,289,43,3
09:51:20.000-09:51:25.000,78,285,50,6
09:51:25.000-09:51:30.000,79,308,35,1
09:51:40.000-09:51:45.000,82,306,41,7
09:51:45.000-09:51:50.000,81,301,49,8
09:51:55.000-09:52:00.000,70,280,42,2
09:52:00.000-09:52:05.000,77,272,44,6
09:52:20.000-09:52:25.000,86,287,54,3
09:52:25.000-09:52:30.000,74,299,39,2
09:52:40.000-09:52:45.000,78,304,34,0
09:52:45.000-09:52:50.000,74,318,37,3
09:52:55.000-09:53:00.000,77,312,42,2
09:53:00.000-09:53:05.000,94,322,32,5
09:53:20.000-09:53:25.000,94,292,44,3
09:53:40.000-09:53:45.000,77,289,44,9
09:53:45.000-09:53:50.000,79,302,46,3
09:53:55.000-09:54:00.000,86,300,43,0
09:54:20.000-09:54:25.000,80,284,34,8
09:54:40.000-09:54:45.000,76,279,48,2
09:54:45.000-09:54:50.000,85,273,48,1
09:54:55.000-09:55:00.000,86,301,42,3
09:55:20.000-09:55:25.000,89,298,45,0
09:55:40.000-09:55:45.000,69,310,31,2
09:55:45.000-09:55:50.000,79,289,35,5
09:55:55.000-09:56:00.000,95,302,35,3
09:56:20.000-09:56:25.000,80,289,42,2
09:56:40.000-09:56:45.000,72,280,44,7
09:56:55.000-09:57:00.000,75,282,46,3
09:57:40.000-09:57:45.000,71,295,51,2
09:57:55.000-09:58:00.000,78,281,45,2
09:58:15.000-09:58:20.000,98,286,38,3
09:58:40.000-09:58:45.000,87,303,42,2
09:58:55.000-09:59:00.000,77,303,55,4
09:59:15.000-09:59:20.000,78,329,33,4
09:59:40.000-09:59:45.000,92,294,49,6
10:00:10.000-10:00:15.000,79,309,33,7
10:00:15.000-10:00:20.000,75,317,37,7
10:00:35.000-10:00:40.000,78,293,40,4
10:01:10.000-10:01:15.000,77,292,38,4
10:01:15.000-10:01:20.000,78,303,41,2
10:01:30.000-10:01:35.000,74,309,43,5
10:01:35.000-10:01:40.000,89,300,35,3
10:02:10.000-10:02:15.000,81,303,53,6
10:02:15.000-10:02:20.000,83,305,34,5
10:02:30.000-10:02:35.000,103,287,43,3
10:02:35.000-10:02:40.000,87,287,42,5
10:03:10.000-10:03:15.000,76,326,48,6
10:03:15.000-10:03:20.000,82,319,38,7
10:03:30.000-10:03:35.000,89,318,44,2
10:03:35.000-10:03:40.000,75,320,42,9
10:04:10.000-10:04:15.000,78,310,55,0
10:04:15.000-10:04:20.000,83,319,46,4
10:04:30.000-10:04:35.000,74,294,53,5
10:04:35.000-10:04:40.000,93,311,34,2
10:04:50.000-10:04:55.000,80,316,35,2
10:05:10.000-10:05:15.000,75,320,43,3
10:05:15.000-10:05:20.000,81,291,59,6
10:05:30.000-10:05:35.000,97,287,48,2
10:05:35.000-10:05:40.000,77,319,37,3
10:05:50.000-10:05:55.000,91,291,44,5
10:06:10.000-10:06:15.000,83,328,38,3
10:06:30.000-10:06:35.000,84,294,40,2
10:06:35.000-10:06:40.000,89,309,35,7
10:06:50.000-10:06:55.000,88,305,39,6
10:07:10.000-10:07:15.000,75,317,37,2
10:07:30.000-10:07:35.000,90,271,47,6
10:07:35.000-10:07:40.000,75,293,38,2
10:07:50.000-10:07:55.000,69,310,60,4
10:08:10.000-10:08:15.000,88,281,55,3
10:08:30.000-10:08:35.000,88,298,51,6
10:08:35.000-10:08:40.000,75,319,41,3
10:08:50.000-10:08:55.000,77,278,43,5
10:09:10.000-10:09:15.000,60,297,41,2
10:09:30.000-10:09:35.000,93,261,34,5
10:09:50.000-10:09:55.000,97,276,45,3
10:09:55.000-10:10:00.000,91,303,37,4
10:10:15.000-10:10:20.000,77,307,48,3
10:10:35.000-10:10:40.000,90,285,41,4
10:11:10.000-10:11:15.000,73,285,41,6
10:11:15.000-10:11:20.000,86,297,42,4
10:11:35.000-10:11:40.000,80,306,42,3
10:12:10.000-10:12:15.000,96,287,45,3
10:12:15.000-10:12:20.000,69,305,56,4
10:12:35.000-10:12:40.000,89,306,35,3
10:13:10.000-10:13:15.000,88,300,41,2
10:13:15.000-10:13:20.000,69,313,47,4
10:13:30.000-10:13:35.000,78,278,38,3
10:13:35.000-10:13:40.000,90,266,49,4
10:14:10.000-10:14:15.000,78,310,40,4
10:14:15.000-10:14:20.000,78,317,41,1
10:14:30.000-10:14:35.000,88,305,50,5
10:14:35.000-10:14:40.000,84,299,49,6
10:15:10.000-10:15:15.000,84,324,36,5
10:15:15.000-10:15:20.000,98,292,44,1
10:15:30.000-10:15:35.000,79,306,46,6
10:15:35.000-10:15:40.000,72,285,44,8
10:16:10.000-10:16:15.000,78,322,43,3
10:16:15.000-10:16:20.000,66,324,50,5
10:16:30.000-10:16:35.000,85,324,37,5
10:16:35.000-10:16:40.000,81,319,44,8
10:16:50.000-10:16:55.000,82,288,39,10
10:17:10.000-10:17:15.000,79,323,39,2
10:17:15.000-10:17:20.000,64,338,41,3
10:17:30.000-10:17:35.000,74,300,53,6
10:17:35.000-10:17:40.000,79,312,37,9
10:17:50.000-10:17:55.000,87,293,29,1
10:18:10.000-10:18:15.000,80,318,44,4
10:18:30.000-10:18:35.000,81,285,53,5
10:18:35.000-10:18:40.000,88,317,38,1
10:18:50.000-10:18:55.000,78,312,47,6
10:19:10.000-10:19:15.000,86,297,50,6
10:19:30.000-10:19:35.000,77,321,35,4
10:19:35.000-10:19:40.000,75,314,46,4
10:19:50.000-10:19:55.000,92,306,46,4
10:20:15.000-10:20:20.000,72,297,29,7
10:20:40.000-10:20:45.000,83,308,34,6
10:20:55.000-10:21:00.000,74,302,41,3
10:21:15.000-10:21:20.000,78,288,57,2
10:21:40.000-10:21:45.000,83,291,48,1
10:21:55.000-10:22:00.000,76,291,36,10
10:22:15.000-10:22:20.000,84,293,46,5
10:22:35.000-10:22:40.000,87,299,34,6
10:23:10.000-10:23:15.000,73,297,33,4
10:23:15.000-10:23:20.000,76,292,35,1
10:23:35.000-10:23:40.000,86,295,47,5
10:24:10.000-10:24:15.000,78,292,46,5
10:24:15.000-10:24:20.000,79,281,46,3
10:24:35.000-10:24:40.000,73,304,48,4
10:25:10.000-10:25:15.000,76,311,39,4
10:25:15.000-10:25:20.000,76,312,41,1
10:25:35.000-10:25:40.000,92,285,47,1
10:26:10.000-10:26:15.000,65,311,46,7
10:26:15.000-10:26:20.000,93,288,44,3
10:26:30.000-10:26:35.000,77,299,45,3
10:26:35.000-10:26:40.000,89,294,40,4
10:27:10.000-10:27:15.000,94,294,40,0
10:27:15.000-10:27:20.000,76,269,44,4
10:27:30.000-10:27:35.000,87,298,37,6
10:27:35.000-10:27:40.000,71,304,41,2
10:28:10.000-10:28:15.000,84,290,48,4
10:28:15.000-10:28:20.000,66,315,42,4
10:28:30.000-10:28:35.000,94,307,32,5
10:28:35.000-10:28:40.000,92,297,38,4
10:28:50.000-10:28:55.000,75,311,42,0
10:29:10.000-10:29:15.000,74,302,38,4
10:29:15.000-10:29:20.000,84,304,24,2
10:29:30.000-10:29:35.000,87,296,42,4
10:29:35.000-10:29:40.000,90,306,34,8
10:29:50.000-10:29:55.000,65,311,43,3
10:30:20.000-10:30:25.000,93,285,37,3
10:30:40.000-10:30:45.000,81,311,40,1
11:46:40.000-11:46:45.000,75,291,45,3
11:46:55.000-11:47:00.000,77,286,33,7
11:47:15.000-11:47:20.000,84,273,46,4
11:47:40.000-11:47:45.000,89,268,46,4
11:47:55.000-11:48:00.000,78,290,35,2
11:48:15.000-11:48:20.000,76,281,42,4
11:48:35.000-11:48:40.000,63,307,33,2
11:49:10.000-11:49:15.000,61,305,38,2
11:49:15.000-11:49:20.000,60,295,50,0
11:49:35.000-11:49:40.000,79,280,43,4
11:50:00.000-11:50:05.000,79,294,41,6
11:50:05.000-11:50:10.000,93,273,42,4
11:50:20.000-11:50:25.000,77,294,40,6
11:50:25.000-11:50:30.000,64,288,53,4
11:50:40.000-11:50:45.000,82,284,49,1
11:50:45.000-11:50:50.000,93,313,35,8
11:50:55.000-11:51:00.000,24,101,8,1
11:51:00.000-11:51:05.000,77,300,50,7
11:51:20.000-11:51:25.000,80,282,43,5
11:51:25.000-11:51:30.000,80,289,40,2
11:51:40.000-11:51:45.000,91,294,46,1
11:51:45.000-11:51:50.000,80,306,46,5
11:51:55.000-11:52:00.000,86,294,39,5
11:52:00.000-11:52:05.000,80,283,45,4
11:52:20.000-11:52:25.000,78,308,47,2
11:52:25.000-11:52:30.000,87,309,35,5
11:52:40.000-11:52:45.000,82,290,40,3
11:52:45.000-11:52:50.000,82,279,47,4
11:52:55.000-11:53:00.000,82,309,33,5
11:53:00.000-11:53:05.000,90,296,46,5
11:53:20.000-11:53:25.000,84,309,44,2
11:53:25.000-11:53:30.000,88,295,45,2
11:53:40.000-11:53:45.000,76,315,40,3
11:53:45.000-11:53:50.000,77,303,45,4
11:53:55.000-11:54:00.000,80,304,39,5
11:54:00.000-11:54:05.000,74,302,45,5
11:54:20.000-11:54:25.000,86,286,46,4
11:54:40.000-11:54:45.000,80,297,42,7
11:54:45.000-11:54:50.000,79,302,43,8
11:54:55.000-11:55:00.000,77,302,46,4
11:55:20.000-11:55:25.000,80,297,41,6
11:55:40.000-11:55:45.000,77,296,41,7
11:55:45.000-11:55:50.000,84,290,45,3
11:55:55.000-11:56:00.000,86,295,41,2
11:56:20.000-11:56:25.000,66,307,42,1
11:56:40.000-11:56:45.000,86,288,50,4
11:56:45.000-11:56:50.000,77,291,51,5
11:56:55.000-11:57:00.000,75,304,41,2
11:57:40.000-11:57:45.000,78,298,43,8
11:57:55.000-11:58:00.000,83,300,36,4
11:58:15.000-11:58:20.000,99,283,49,4
11:58:40.000-11:58:45.000,78,334,34,1
11:58:55.000-11:59:00.000,95,326,28,4
11:59:15.000-11:59:20.000,88,306,43,2
11:59:40.000-11:59:45.000,87,306,46,4
12:00:15.000-12:00:20.000,88,304,37,6
12:01:10.000-12:01:15.000,105,313,30,1
12:01:15.000-12:01:20.000,77,315,49,4
12:01:35.000-12:01:40.000,83,306,36,3
12:02:10.000-12:02:15.000,89,290,41,2
12:02:15.000-12:02:20.000,89,287,49,3
12:02:35.000-12:02:40.000,75,305,40,5
12:03:10.000-12:03:15.000,92,297,38,7
12:03:15.000-12:03:20.000,87,306,36,4
12:03:35.000-12:03:40.000,69,326,47,5
12:04:10.000-12:04:15.000,80,311,43,5
12:04:15.000-12:04:20.000,73,306,56,2
12:04:30.000-12:04:35.000,76,311,50,2
12:04:35.000-12:04:40.000,89,303,47,4
12:05:10.000-12:05:15.000,73,317,37,7
12:05:15.000-12:05:20.000,87,299,45,6
12:05:30.000-12:05:35.000,88,303,42,4
12:05:35.000-12:05:40.000,90,308,31,6
12:06:10.000-12:06:15.000,91,293,52,5
12:06:15.000-12:06:20.000,97,312,35,5
12:06:30.000-12:06:35.000,83,318,43,6
12:06:35.000-12:06:40.000,89,305,47,2
12:07:10.000-12:07:15.000,77,308,44,1
12:07:15.000-12:07:20.000,74,295,45,6
12:07:30.000-12:07:35.000,84,315,36,3
12:07:35.000-12:07:40.000,85,312,42,4
12:07:50.000-12:07:55.000,80,319,44,4
12:08:10.000-12:08:15.000,98,308,34,4
12:08:15.000-12:08:20.000,103,297,44,5
12:08:30.000-12:08:35.000,80,319,46,7
12:08:35.000-12:08:40.000,85,317,46,5
12:08:50.000-12:08:55.000,77,319,45,6
12:09:10.000-12:09:15.000,79,300,41,4
12:09:30.000-12:09:35.000,69,247,23,3
12:09:35.000-12:09:40.000,84,284,50,3
12:09:50.000-12:09:55.000,89,275,53,0
12:10:15.000-12:10:20.000,69,292,52,5
12:10:40.000-12:10:45.000,78,301,36,3
12:10:55.000-12:11:00.000,71,308,35,3
12:11:15.000-12:11:20.000,97,297,50,2
12:11:40.000-12:11:45.000,88,301,40,6
12:11:55.000-12:12:00.000,85,299,35,3
12:12:15.000-12:12:20.000,80,293,46,2
12:12:55.000-12:13:00.000,79,293,49,4
12:13:15.000-12:13:20.000,79,313,37,4
12:13:35.000-12:13:40.000,90,303,37,3
12:14:10.000-12:14:15.000,73,296,42,7
12:14:15.000-12:14:20.000,72,298,46,2
12:14:35.000-12:14:40.000,80,304,45,2
12:15:10.000-12:15:15.000,88,303,38,1
12:15:15.000-12:15:20.000,86,292,45,6
12:15:35.000-12:15:40.000,79,259,49,5
12:16:10.000-12:16:15.000,81,300,39,5
12:16:15.000-12:16:20.000,84,303,47,4
12:16:30.000-12:16:35.000,78,293,50,4
12:16:35.000-12:16:40.000,72,311,34,6
12:17:10.000-12:17:15.000,74,304,45,1
12:17:15.000-12:17:20.000,74,311,35,4
12:17:30.000-12:17:35.000,88,297,50,5
12:17:35.000-12:17:40.000,84,303,51,4
12:18:10.000-12:18:15.000,78,306,37,4
12:18:15.000-12:18:20.000,87,306,31,3
12:18:30.000-12:18:35.000,77,301,31,4
12:18:35.000-12:18:40.000,73,303,39,2
12:19:10.000-12:19:15.000,83,281,51,9
12:19:15.000-12:19:20.000,79,308,32,3
12:19:30.000-12:19:35.000,81,302,39,5
12:19:35.000-12:19:40.000,84,288,48,6
12:19:50.000-12:19:55.000,84,293,46,3
12:20:20.000-12:20:25.000,82,299,48,5
12:20:40.000-12:20:45.000,83,311,41,2
12:20:45.000-12:20:50.000,80,303,52,0
12:20:55.000-12:21:00.000,84,313,32,3
12:21:20.000-12:21:25.000,72,305,46,5
12:21:40.000-12:21:45.000,82,284,58,5
12:21:55.000-12:22:00.000,78,314,36,5
12:22:40.000-12:22:45.000,88,300,37,10
12:22:55.000-12:23:00.000,83,293,43,3
12:23:15.000-12:23:20.000,76,306,46,2
12:23:40.000-12:23:45.000,89,318,30,1
12:23:55.000-12:24:00.000,92,289,43,5
12:24:15.000-12:24:20.000,79,308,44,4
12:24:55.000-12:25:00.000,74,296,41,6
12:25:15.000-12:25:20.000,76,309,45,3
12:25:35.000-12:25:40.000,82,300,39,5
12:26:10.000-12:26:15.000,79,308,29,6
12:26:15.000-12:26:20.000,103,291,33,3
12:26:35.000-12:26:40.000,83,291,43,8
12:27:10.000-12:27:15.000,84,283,44,4
12:27:15.000-12:27:20.000,73,296,43,4
12:27:35.000-12:27:40.000,76,303,52,2
12:28:10.000-12:28:15.000,87,300,40,7
12:28:15.000-12:28:20.000,81,311,40,2
12:28:35.000-12:28:40.000,68,318,41,5
12:29:10.000-12:29:15.000,95,301,37,3
12:29:15.000-12:29:20.000,90,307,32,6
12:29:30.000-12:29:35.000,66,300,49,4
12:29:35.000-12:29:40.000,78,282,46,5
12:30:00.000-12:30:05.000,85,295,48,3
12:30:20.000-12:30:25.000,85,297,48,3
12:30:25.000-12:30:30.000,68,310,39,7
12:30:40.000-12:30:45.000,69,318,45,2
12:30:45.000-12:30:50.000,80,308,38,7
12:30:55.000-12:31:00.000,73,307,48,3
12:31:20.000-12:31:25.000,90,300,42,3
12:31:40.000-12:31:45.000,80,310,30,4
12:31:45.000-12:31:50.000,88,301,38,4
12:31:55.000-12:32:00.000,71,310,45,6
12:32:20.000-12:32:25.000,73,303,40,4
12:32:40.000-12:32:45.000,89,291,47,5
12:32:45.000-12:32:50.000,83,285,46,5
12:32:55.000-12:33:00.000,90,290,42,4
12:33:20.000-12:33:25.000,80,294,41,4
12:33:40.000-12:33:45.000,98,288,38,5
12:33:55.000-12:34:00.000,86,275,44,2
12:34:40.000-12:34:45.000,74,318,43,0
12:34:55.000-12:35:00.000,75,297,49,5
12:35:15.000-12:35:20.000,95,297,37,5
12:35:40.000-12:35:45.000,67,304,41,3
12:35:55.000-12:36:00.000,78,300,40,6
12:36:15.000-12:36:20.000,85,290,47,3
12:36:40.000-12:36:45.000,84,281,40,6
12:36:55.000-12:37:00.000,92,291,46,6
12:37:15.000-12:37:20.000,62,306,40,1
12:38:10.000-12:38:15.000,86,296,40,4
12:38:15.000-12:38:20.000,79,310,34,2
12:38:35.000-12:38:40.000,87,301,40,4
12:39:10.000-12:39:15.000,77,306,56,2
12:39:15.000-12:39:20.000,98,291,32,4
12:39:35.000-12:39:40.000,73,304,45,6
12:40:00.000-12:40:05.000,95,270,49,12
12:40:20.000-12:40:25.000,92,273,42,1
12:40:25.000-12:40:30.000,90,280,40,7
12:40:40.000-12:40:45.000,87,311,32,5
12:40:45.000-12:40:50.000,77,308,46,1
12:40:55.000-12:41:00.000,64,301,54,4
12:41:00.000-12:41:05.000,84,306,33,4
12:41:20.000-12:41:25.000,90,298,36,6
12:41:25.000-12:41:30.000,88,301,38,6
12:41:40.000-12:41:45.000,72,304,39,7
12:41:45.000-12:41:50.000,85,287,41,3
12:41:55.000-12:42:00.000,79,298,45,7
12:42:00.000-12:42:05.000,85,293,42,4
12:42:20.000-12:42:25.000,74,303,47,4
12:42:25.000-12:42:30.000,90,293,55,2
12:42:40.000-12:42:45.000,92,296,31,6
12:42:45.000-12:42:50.000,90,292,32,8
12:42:55.000-12:43:00.000,77,304,41,6
12:43:00.000-12:43:05.000,93,287,49,4
12:43:20.000-12:43:25.000,87,280,48,2
12:43:40.000-12:43:45.000,87,289,42,2
12:43:45.000-12:43:50.000,82,308,36,4
12:43:55.000-12:44:00.000,77,288,41,3
12:44:20.000-12:44:25.000,71,307,41,2
12:44:40.000-12:44:45.000,85,305,38,2
12:44:45.000-12:44:50.000,69,301,39,9
12:44:55.000-12:45:00.000,78,287,39,3
12:45:20.000-12:45:25.000,70,297,48,5
12:45:40.000-12:45:45.000,78,298,56,3
12:45:45.000-12:45:50.000,88,296,42,3
12:45:55.000-12:46:00.000,77,285,53,3
12:46:40.000-12:46:45.000,85,289,44,6
12:46:55.000-12:47:00.000,79,298,52,5
12:47:15.000-12:47:20.000,86,281,49,5
12:47:40.000-12:47:45.000,79,304,49,5
12:47:55.000-12:48:00.000,74,321,39,9
12:48:15.000-12:48:20.000,94,297,33,3
12:48:40.000-12:48:45.000,91,298,40,7
12:48:55.000-12:49:00.000,83,305,45,6
12:49:15.000-12:49:20.000,73,303,39,5
12:50:00.000-12:50:05.000,81,305,38,7
12:50:05.000-12:50:10.000,66,318,50,5
12:50:20.000-12:50:25.000,79,316,17,6
12:50:25.000-12:50:30.000,97,286,33,3
12:50:40.000-12:50:45.000,91,297,44,3
12:50:45.000-12:50:50.000,67,315,41,4
12:51:00.000-12:51:05.000,89,272,47,7
12:51:05.000-12:51:10.000,68,297,47,2
12:51:20.000-12:51:25.000,89,308,35,5
12:51:25.000-12:51:30.000,82,288,45,3
12:51:40.000-12:51:45.000,85,302,44,5
12:51:45.000-12:51:50.000,79,293,45,1
12:51:55.000-12:52:00.000,76,300,44,6
12:52:00.000-12:52:05.000,85,290,46,4
12:52:05.000-12:52:10.000,63,302,42,7
12:52:20.000-12:52:25.000,63,327,35,4
12:52:25.000-12:52:30.000,81,312,41,3
12:52:40.000-12:52:45.000,73,310,45,0
12:52:45.000-12:52:50.000,47,168,21,4
12:52:55.000-12:53:00.000,82,316,30,4
12:53:00.000-12:53:05.000,68,320,38,3
12:53:20.000-12:53:25.000,68,309,35,4
12:53:25.000-12:53:30.000,76,305,46,4
12:53:40.000-12:53:45.000,90,298,39,5
12:53:45.000-12:53:50.000,80,291,45,5
12:53:55.000-12:54:00.000,81,298,49,3
12:54:00.000-12:54:05.000,86,301,45,2
12:54:20.000-12:54:25.000,89,288,35,3
12:54:25.000-12:54:30.000,84,270,55,7
12:54:40.000-12:54:45.000,79,317,33,4
12:54:45.000-12:54:50.000,72,292,40,5
12:54:55.000-12:55:00.000,85,263,48,5
12:55:00.000-12:55:05.000,85,289,46,6
12:55:20.000-12:55:25.000,89,284,46,5
12:55:40.000-12:55:45.000,78,302,50,5
12:55:45.000-12:55:50.000,86,306,33,6
12:55:55.000-12:56:00.000,62,306,32,6
12:56:20.000-12:56:25.000,73,319,33,4
12:56:40.000-12:56:45.000,71,294,42,5
12:56:45.000-12:56:50.000,87,289,49,4
12:56:55.000-12:57:00.000,79,312,38,3
12:57:20.000-12:57:25.000,100,273,44,4
12:57:40.000-12:57:45.000,79,302,36,7
12:57:45.000-12:57:50.000,69,303,43,7
12:57:55.000-12:58:00.000,78,310,39,3
12:58:20.000-12:58:25.000,80,293,43,7
12:58:40.000-12:58:45.000,71,302,44,4
12:58:55.000-12:59:00.000,79,290,46,5
12:59:40.000-12:59:45.000,89,297,41,4
13:00:15.000-13:00:20.000,84,290,34,5
13:00:40.000-13:00:45.000,96,287,47,1
13:00:55.000-13:01:00.000,68,297,46,3
13:01:15.000-13:01:20.000,77,315,39,9
13:01:55.000-13:02:00.000,74,293,40,0
13:02:15.000-13:02:20.000,77,324,36,3
13:02:35.000-13:02:40.000,73,307,44,3
13:03:10.000-13:03:15.000,72,304,43,3
13:03:15.000-13:03:20.000,91,284,39,4
13:03:35.000-13:03:40.000,97,296,32,3
13:04:10.000-13:04:15.000,84,286,54,5
13:04:15.000-13:04:20.000,74,292,59,4
13:04:35.000-13:04:40.000,95,293,42,2
13:05:10.000-13:05:15.000,69,306,52,5
13:05:15.000-13:05:20.000,96,307,29,7
13:05:30.000-13:05:35.000,95,304,36,5
13:05:35.000-13:05:40.000,92,300,46,3
13:06:10.000-13:06:15.000,85,316,38,3
13:06:15.000-13:06:20.000,86,311,41,3
13:06:30.000-13:06:35.000,77,305,47,7
13:06:35.000-13:06:40.000,100,299,42,2
13:07:10.000-13:07:15.000,90,321,39,1
13:07:15.000-13:07:20.000,77,333,40,5
13:07:30.000-13:07:35.000,79,299,47,5
13:07:35.000-13:07:40.000,94,267,53,8
13:08:10.000-13:08:15.000,86,289,46,4
13:08:15.000-13:08:20.000,92,290,50,7
13:08:30.000-13:08:35.000,97,292,49,2
13:08:35.000-13:08:40.000,80,305,44,6
13:08:50.000-13:08:55.000,96,296,44,6
13:09:10.000-13:09:15.000,79,304,44,4
13:09:15.000-13:09:20.000,61,333,32,5
13:09:30.000-13:09:35.000,79,310,43,4
13:09:35.000-13:09:40.000,84,303,36,2
13:09:50.000-13:09:55.000,86,286,45,5
13:10:20.000-13:10:25.000,78,305,35,5
13:10:40.000-13:10:45.000,72,306,49,8
13:10:55.000-13:11:00.000,90,296,53,1
13:11:40.000-13:11:45.000,88,319,40,5
13:11:55.000-13:12:00.000,87,300,42,6
13:12:15.000-13:12:20.000,84,325,34,3
13:12:40.000-13:12:45.000,74,322,40,4
13:12:55.000-13:13:00.000,86,305,34,5
13:13:15.000-13:13:20.000,89,302,47,5
13:13:40.000-13:13:45.000,77,321,40,4
13:13:55.000-13:14:00.000,78,311,53,5
13:14:15.000-13:14:20.000,85,299,42,3
13:14:35.000-13:14:40.000,93,306,44,2
13:15:10.000-13:15:15.000,79,285,33,4
13:15:15.000-13:15:20.000,71,279,42,3
13:15:35.000-13:15:40.000,79,294,35,3
13:16:10.000-13:16:15.000,69,284,51,6
13:16:15.000-13:16:20.000,94,270,37,3
13:16:35.000-13:16:40.000,80,304,48,4
13:17:10.000-13:17:15.000,78,296,40,4
13:17:15.000-13:17:20.000,68,284,46,5
13:17:35.000-13:17:40.000,79,313,33,8
13:18:10.000-13:18:15.000,66,313,43,4
13:18:15.000-13:18:20.000,90,296,43,2
13:18:30.000-13:18:35.000,72,300,46,4
13:18:35.000-13:18:40.000,76,299,30,4
13:19:10.000-13:19:15.000,93,281,53,6
13:19:15.000-13:19:20.000,81,309,49,7
13:19:30.000-13:19:35.000,84,307,45,2
13:19:35.000-13:19:40.000,90,297,43,3
13:20:00.000-13:20:05.000,70,330,44,4
13:20:20.000-13:20:25.000,103,287,52,6
13:20:40.000-13:20:45.000,76,303,40,3
13:20:45.000-13:20:50.000,99,299,49,5
13:20:55.000-13:21:00.000,76,335,31,3
13:21:20.000-13:21:25.000,73,313,43,5
13:21:40.000-13:21:45.000,85,307,50,4
13:21:45.000-13:21:50.000,74,304,49,5
13:21:55.000-13:22:00.000,77,317,47,3
13:22:20.000-13:22:25.000,78,311,44,5
13:22:40.000-13:22:45.000,68,242,30,6
13:22:55.000-13:23:00.000,86,304,49,7
13:23:40.000-13:23:45.000,61,329,53,4
13:23:55.000-13:24:00.000,74,320,48,3
13:24:15.000-13:24:20.000,93,292,50,4
13:24:40.000-13:24:45.000,89,289,50,12
13:24:55.000-13:25:00.000,76,314,50,5
13:25:15.000-13:25:20.000,80,294,43,4
13:25:40.000-13:25:45.000,75,291,39,8
13:25:55.000-13:26:00.000,83,304,42,3
13:26:15.000-13:26:20.000,80,301,50,4
13:27:10.000-13:27:15.000,87,300,47,3
13:27:15.000-13:27:20.000,71,327,36,6
13:27:35.000-13:27:40.000,77,315,49,3
13:28:10.000-13:28:15.000,85,297,52,1
13:28:15.000-13:28:20.000,81,292,43,4
13:28:35.000-13:28:40.000,77,319,39,5
13:29:10.000-13:29:15.000,76,320,42,4
13:29:15.000-13:29:20.000,86,304,54,5
13:29:35.000-13:29:40.000,79,319,47,6
13:30:00.000-13:30:05.000,88,289,46,6
13:30:20.000-13:30:25.000,88,297,53,3
13:30:25.000-13:30:30.000,75,311,49,5
13:30:40.000-13:30:45.000,87,301,41,5
13:30:45.000-13:30:50.000,80,315,47,3
13:30:55.000-13:31:00.000,72,323,44,6
13:31:00.000-13:31:05.000,79,299,63,2
13:31:20.000-13:31:25.000,100,305,33,1
13:31:25.000-13:31:30.000,104,294,45,5
13:31:40.000-13:31:45.000,99,284,46,4
13:31:45.000-13:31:50.000,88,318,46,4
13:31:55.000-13:32:00.000,89,308,44,6
13:32:00.000-13:32:05.000,67,322,47,7
13:32:20.000-13:32:25.000,84,300,44,7
13:32:40.000-13:32:45.000,87,321,38,4
13:32:45.000-13:32:50.000,74,327,39,4
13:32:55.000-13:33:00.000,101,291,51,3
13:33:20.000-13:33:25.000,85,305,38,5
13:33:40.000-13:33:45.000,100,303,50,3
13:33:45.000-13:33:50.000,86,307,45,2
13:33:55.000-13:34:00.000,86,312,41,4
13:34:20.000-13:34:25.000,88,305,31,5
13:34:40.000-13:34:45.000,89,312,46,6
13:34:45.000-13:34:50.000,93,311,41,2
13:34:55.000-13:35:00.000,90,309,42,3
13:35:20.000-13:35:25.000,86,325,33,4
13:35:40.000-13:35:45.000,88,307,42,2
13:35:55.000-13:36:00.000,80,314,46,7
13:36:15.000-13:36:20.000,80,312,37,2
13:36:40.000-13:36:45.000,85,313,45,1
13:36:55.000-13:37:00.000,80,314,48,7
13:37:15.000-13:37:20.000,85,285,54,3
13:37:40.000-13:37:45.000,82,319,36,5
13:37:55.000-13:38:00.000,85,317,47,2
13:38:15.000-13:38:20.000,84,300,36,3
13:38:55.000-13:39:00.000,62,312,32,9
13:39:15.000-13:39:20.000,73,289,40,5
13:39:35.000-13:39:40.000,88,313,44,7
13:40:00.000-13:40:05.000,81,314,40,7
13:40:05.000-13:40:10.000,99,296,53,3
13:40:20.000-13:40:25.000,79,314,42,3
13:40:25.000-13:40:30.000,79,318,35,7
13:40:40.000-13:40:45.000,86,326,37,1
13:40:45.000-13:40:50.000,79,326,43,6
13:40:55.000-13:41:00.000,75,330,45,3
13:41:00.000-13:41:05.000,71,324,42,6
13:41:05.000-13:41:10.000,76,321,35,5
13:41:20.000-13:41:25.000,98,294,48,4
13:41:25.000-13:41:30.000,79,313,45,5
13:41:40.000-13:41:45.000,83,289,37,5
13:41:45.000-13:41:50.000,86,279,48,2
13:41:55.000-13:42:00.000,86,300,38,5
13:42:00.000-13:42:05.000,84,306,44,4
13:42:20.000-13:42:25.000,82,292,46,4
13:42:25.000-13:42:30.000,95,312,38,4
13:42:40.000-13:42:45.000,80,299,45,5
13:42:45.000-13:42:50.000,85,305,47,2
13:42:55.000-13:43:00.000,79,298,51,3
13:43:00.000-13:43:05.000,86,297,43,5
13:43:20.000-13:43:25.000,74,307,54,4
13:43:25.000-13:43:30.000,77,302,39,6
13:43:40.000-13:43:45.000,74,311,40,6
13:43:45.000-13:43:50.000,77,311,58,3
13:43:55.000-13:44:00.000,88,279,39,6
13:44:00.000-13:44:05.000,82,284,41,5
13:44:20.000-13:44:25.000,81,301,28,4
13:44:40.000-13:44:45.000,86,296,48,7
13:44:45.000-13:44:50.000,91,301,37,6
13:44:55.000-13:45:00.000,99,284,38,2
13:45:20.000-13:45:25.000,101,285,39,2
13:45:40.000-13:45:45.000,96,303,43,2
13:45:45.000-13:45:50.000,76,319,37,3
13:45:55.000-13:46:00.000,97,303,42,7
13:46:20.000-13:46:25.000,97,289,55,3
13:46:40.000-13:46:45.000,86,298,52,4
13:46:45.000-13:46:50.000,79,321,42,9
13:46:55.000-13:47:00.000,104,296,45,6
13:47:20.000-13:47:25.000,74,332,34,2
13:47:40.000-13:47:45.000,91,318,44,2
13:47:55.000-13:48:00.000,90,308,45,3
13:48:40.000-13:48:45.000,70,329,39,1
13:48:55.000-13:49:00.000,66,308,62,2
13:49:15.000-13:49:20.000,76,280,45,6
13:49:40.000-13:49:45.000,77,290,45,3
13:50:00.000-13:50:05.000,66,217,33,6
13:50:05.000-13:50:10.000,82,282,36,3
13:50:20.000-13:50:25.000,77,313,45,2
13:50:25.000-13:50:30.000,78,325,39,7
13:50:45.000-13:50:50.000,89,299,38,1
13:51:00.000-13:51:05.000,87,312,39,4
13:51:05.000-13:51:10.000,87,302,46,3
13:51:20.000-13:51:25.000,88,296,39,9
13:51:25.000-13:51:30.000,75,307,45,7
13:51:45.000-13:51:50.000,82,306,47,5
13:52:00.000-13:52:05.000,92,297,42,5
13:52:05.000-13:52:10.000,79,315,45,5
13:52:20.000-13:52:25.000,100,280,40,4
13:52:25.000-13:52:30.000,97,292,46,3
13:52:40.000-13:52:45.000,90,298,34,4
13:52:45.000-13:52:50.000,77,317,42,5
13:52:55.000-13:53:00.000,94,286,43,4
13:53:00.000-13:53:05.000,82,303,41,2
13:53:05.000-13:53:10.000,74,316,50,3
13:53:20.000-13:53:25.000,86,312,34,4
13:53:25.000-13:53:30.000,82,287,47,8
13:53:40.000-13:53:45.000,73,320,40,2
13:53:45.000-13:53:50.000,82,317,41,4
13:53:55.000-13:54:00.000,81,326,42,7
13:54:00.000-13:54:05.000,82,312,40,5
13:54:20.000-13:54:25.000,68,316,45,4
13:54:25.000-13:54:30.000,67,326,36,7
13:54:40.000-13:54:45.000,91,306,28,3
13:54:45.000-13:54:50.000,86,316,38,9
13:54:55.000-13:55:00.000,83,306,54,3
13:55:00.000-13:55:05.000,84,308,56,2
13:55:20.000-13:55:25.000,78,327,34,4
13:55:25.000-13:55:30.000,75,313,41,5
13:55:40.000-13:55:45.000,95,302,37,7
13:55:45.000-13:55:50.000,99,299,36,2
13:55:55.000-13:56:00.000,77,318,46,4
13:56:00.000-13:56:05.000,94,325,31,3
13:56:20.000-13:56:25.000,93,301,47,2
13:56:25.000-13:56:30.000,72,333,36,4
13:56:40.000-13:56:45.000,91,321,33,3
13:56:45.000-13:56:50.000,79,305,55,3
13:56:55.000-13:57:00.000,93,299,45,4
13:57:00.000-13:57:05.000,100,301,42,2
13:57:20.000-13:57:25.000,65,324,37,1
13:57:40.000-13:57:45.000,85,304,45,3
13:57:45.000-13:57:50.000,85,301,44,5
13:57:55.000-13:58:00.000,80,300,50,5
13:58:20.000-13:58:25.000,89,296,33,5
13:58:40.000-13:58:45.000,77,318,45,4
13:58:45.000-13:58:50.000,88,320,46,6
13:58:55.000-13:59:00.000,63,302,35,5
13:59:20.000-13:59:25.000,68,257,37,5
13:59:40.000-13:59:45.000,77,319,32,5
14:00:40.000-14:00:45.000,83,313,44,2
14:00:55.000-14:01:00.000,66,336,42,5
14:01:15.000-14:01:20.000,77,314,46,5
14:01:40.000-14:01:45.000,86,307,51,1
14:01:55.000-14:02:00.000,88,310,52,2
14:02:15.000-14:02:20.000,95,297,49,6
14:02:40.000-14:02:45.000,89,299,44,6
14:02:55.000-14:03:00.000,74,336,31,10
14:03:15.000-14:03:20.000,85,304,37,8
14:04:10.000-14:04:15.000,87,315,43,3
14:04:15.000-14:04:20.000,69,322,42,9
14:04:35.000-14:04:40.000,82,295,55,7
14:05:10.000-14:05:15.000,87,319,44,2
14:05:15.000-14:05:20.000,87,312,41,6
14:05:35.000-14:05:40.000,55,295,45,9
14:06:10.000-14:06:15.000,72,316,41,5
14:06:15.000-14:06:20.000,83,303,48,9
14:06:35.000-14:06:40.000,81,309,49,6
14:07:10.000-14:07:15.000,95,307,38,1
14:07:15.000-14:07:20.000,88,302,46,3
14:07:30.000-14:07:35.000,72,312,55,8
14:07:35.000-14:07:40.000,84,305,47,7
14:08:10.000-14:08:15.000,89,299,45,4
14:08:15.000-14:08:20.000,83,302,53,2
14:08:30.000-14:08:35.000,79,312,41,7
14:08:35.000-14:08:40.000,76,304,50,3
14:09:10.000-14:09:15.000,82,319,41,4
14:09:15.000-14:09:20.000,91,302,49,2
14:09:30.000-14:09:35.000,81,317,48,4
14:09:35.000-14:09:40.000,80,313,58,5
14:10:20.000-14:10:25.000,70,313,42,4
14:10:40.000-14:10:45.000,80,320,48,3
14:10:45.000-14:10:50.000,90,309,40,6
14:10:55.000-14:11:00.000,76,329,36,7
14:11:20.000-14:11:25.000,83,313,41,5
14:11:40.000-14:11:45.000,85,308,52,5
14:11:45.000-14:11:50.000,87,327,36,5
14:11:55.000-14:12:00.000,87,298,50,3
14:12:40.000-14:12:45.000,81,317,46,3
14:12:55.000-14:13:00.000,100,289,38,6
14:13:15.000-14:13:20.000,87,285,39,7
14:13:40.000-14:13:45.000,79,293,39,4
14:13:55.000-14:14:00.000,76,294,48,13
14:14:15.000-14:14:20.000,71,290,38,5
14:14:40.000-14:14:45.000,73,304,33,8
14:14:55.000-14:15:00.000,80,288,43,1
14:15:15.000-14:15:20.000,71,301,33,4
14:15:55.000-14:16:00.000,74,300,34,4
14:16:15.000-14:16:20.000,89,293,34,4
14:16:35.000-14:16:40.000,82,300,36,5
14:17:10.000-14:17:15.000,63,312,34,8
14:17:15.000-14:17:20.000,69,322,35,2
14:17:35.000-14:17:40.000,78,280,43,3
14:18:10.000-14:18:15.000,94,270,38,5
14:18:15.000-14:18:20.000,87,277,39,5
14:18:35.000-14:18:40.000,80,293,32,3
14:19:10.000-14:19:15.000,77,278,37,5
14:19:15.000-14:19:20.000,75,285,41,4
14:19:30.000-14:19:35.000,84,301,43,7
14:19:35.000-14:19:40.000,77,310,39,4
14:20:00.000-14:20:05.000,75,323,35,5
14:20:20.000-14:20:25.000,79,289,36,5
14:20:25.000-14:20:30.000,79,280,43,4
14:20:40.000-14:20:45.000,76,310,51,3
14:20:45.000-14:20:50.000,84,295,35,2
14:20:55.000-14:21:00.000,70,289,42,2
14:21:00.000-14:21:05.000,83,283,41,1
14:21:20.000-14:21:25.000,83,278,40,7
14:21:40.000-14:21:45.000,81,296,46,5
14:21:45.000-14:21:50.000,71,309,44,5
14:21:55.000-14:22:00.000,69,286,53,2
14:22:20.000-14:22:25.000,80,307,37,4
14:22:40.000-14:22:45.000,69,298,47,7
14:22:45.000-14:22:50.000,88,307,42,3
14:22:55.000-14:23:00.000,72,303,52,1
15:11:20.000-15:11:25.000,96,301,47,1
15:11:40.000-15:11:45.000,80,303,44,9
15:11:45.000-15:11:50.000,75,315,50,2
15:11:55.000-15:12:00.000,96,300,46,4
15:12:20.000-15:12:25.000,80,314,37,5
15:12:40.000-15:12:45.000,68,316,50,4
15:12:45.000-15:12:50.000,92,298,48,6
15:12:55.000-15:13:00.000,80,314,42,2
15:13:20.000-15:13:25.000,91,306,47,2
15:13:40.000-15:13:45.000,75,313,47,5
15:13:55.000-15:14:00.000,71,286,38,2
15:14:40.000-15:14:45.000,87,297,41,6
15:14:55.000-15:15:00.000,76,298,44,4
15:15:15.000-15:15:20.000,85,311,46,10
15:15:40.000-15:15:45.000,91,302,40,4
15:15:55.000-15:16:00.000,83,305,35,4
15:16:15.000-15:16:20.000,70,319,50,8
15:16:40.000-15:16:45.000,64,321,42,1
15:16:55.000-15:17:00.000,89,312,35,6
15:17:15.000-15:17:20.000,77,322,46,3
15:17:35.000-15:17:40.000,93,292,45,4
15:18:10.000-15:18:15.000,83,288,53,6
15:18:15.000-15:18:20.000,80,306,46,4
15:18:35.000-15:18:40.000,91,306,43,1
15:19:10.000-15:19:15.000,93,309,37,4
15:19:15.000-15:19:20.000,79,317,37,7
15:19:35.000-15:19:40.000,93,311,42,2
15:20:00.000-15:20:05.000,67,325,45,5
15:20:20.000-15:20:25.000,100,298,41,1
15:20:25.000-15:20:30.000,74,305,41,5
15:20:40.000-15:20:45.000,92,314,33,1
15:20:45.000-15:20:50.000,79,326,30,5
15:20:55.000-15:21:00.000,79,285,42,3
15:21:00.000-15:21:05.000,75,281,43,9
15:21:20.000-15:21:25.000,78,281,47,2
15:21:25.000-15:21:30.000,88,274,39,7
15:21:40.000-15:21:45.000,79,307,43,4
15:21:45.000-15:21:50.000,90,298,44,3
15:21:55.000-15:22:00.000,83,275,39,8
15:22:00.000-15:22:05.000,89,273,41,3
15:22:20.000-15:22:25.000,84,319,33,2
15:22:25.000-15:22:30.000,97,305,38,4
15:22:40.000-15:22:45.000,99,268,34,5
15:22:45.000-15:22:50.000,70,283,51,3
15:22:55.000-15:23:00.000,79,308,47,5
15:23:00.000-15:23:05.000,84,286,49,1
15:23:20.000-15:23:25.000,74,306,35,2
15:23:40.000-15:23:45.000,76,269,55,4
15:23:45.000-15:23:50.000,77,280,47,5
15:23:55.000-15:24:00.000,92,290,45,3
15:24:20.000-15:24:25.000,67,291,47,1
15:24:40.000-15:24:45.000,78,289,49,6
15:24:45.000-15:24:50.000,72,266,59,2
15:24:55.000-15:25:00.000,68,294,49,1
15:25:20.000-15:25:25.000,70,297,48,5
15:25:40.000-15:25:45.000,88,311,34,2
15:25:55.000-15:26:00.000,91,295,49,3
15:26:40.000-15:26:45.000,85,300,32,4
15:26:55.000-15:27:00.000,98,300,42,5
15:27:15.000-15:27:20.000,82,305,38,6
15:27:40.000-15:27:45.000,66,295,51,8
15:27:55.000-15:28:00.000,71,300,49,3
15:28:15.000-15:28:20.000,89,299,37,8
15:28:40.000-15:28:45.000,87,290,54,0
15:28:55.000-15:29:00.000,74,310,40,5
15:29:15.000-15:29:20.000,74,327,35,2
15:30:00.000-15:30:05.000,73,287,38,3
15:30:05.000-15:30:10.000,97,293,46,1
15:30:20.000-15:30:25.000,62,304,48,5
15:30:25.000-15:30:30.000,79,274,42,6
15:30:40.000-15:30:45.000,93,289,45,8
15:30:45.000-15:30:50.000,69,321,37,8
15:31:00.000-15:31:05.000,82,272,42,7
15:31:05.000-15:31:10.000,74,286,45,7
15:31:20.000-15:31:25.000,70,330,31,2
15:31:25.000-15:31:30.000,80,293,46,6
15:31:40.000-15:31:45.000,93,292,42,4
15:31:45.000-15:31:50.000,76,320,34,4
15:31:55.000-15:32:00.000,90,297,32,7
15:32:00.000-15:32:05.000,83,294,37,6
15:32:20.000-15:32:25.000,82,298,48,5
15:32:25.000-15:32:30.000,84,296,42,7
15:32:40.000-15:32:45.000,73,306,43,4
15:32:45.000-15:32:50.000,76,314,30,3
15:32:55.000-15:33:00.000,75,304,49,6
15:33:00.000-15:33:05.000,92,283,41,4
15:33:20.000-15:33:25.000,81,297,42,2
15:33:25.000-15:33:30.000,80,310,43,7
15:33:40.000-15:33:45.000,81,298,46,8
15:33:45.000-15:33:50.000,92,303,40,4
15:33:55.000-15:34:00.000,81,316,36,2
15:34:00.000-15:34:05.000,78,301,53,3
15:34:20.000-15:34:25.000,80,296,33,4
15:34:25.000-15:34:30.000,76,306,45,5
15:34:40.000-15:34:45.000,93,284,35,2
15:34:45.000-15:34:50.000,70,300,38,3
15:34:55.000-15:35:00.000,87,279,47,1
15:35:00.000-15:35:05.000,81,298,51,2
15:35:20.000-15:35:25.000,60,315,45,7
15:35:40.000-15:35:45.000,93,295,43,3
15:35:45.000-15:35:50.000,83,294,46,1
15:35:55.000-15:36:00.000,82,293,39,6
15:36:20.000-15:36:25.000,83,319,37,3
15:36:40.000-15:36:45.000,93,299,38,6
15:36:45.000-15:36:50.000,87,302,50,3
15:36:55.000-15:37:00.000,76,312,47,4
15:37:20.000-15:37:25.000,83,316,37,4
15:37:40.000-15:37:45.000,89,324,37,6
15:37:45.000-15:37:50.000,80,325,34,4
15:37:55.000-15:38:00.000,79,311,41,7
15:38:20.000-15:38:25.000,87,315,42,3
15:38:40.000-15:38:45.000,84,302,47,3
15:38:55.000-15:39:00.000,84,331,31,6
15:39:15.000-15:39:20.000,85,321,38,4
15:39:40.000-15:39:45.000,65,333,39,6
15:40:00.000-15:40:05.000,102,311,41,1
15:40:05.000-15:40:10.000,89,306,45,3
15:40:20.000-15:40:25.000,85,307,42,3
15:40:25.000-15:40:30.000,95,310,27,6
15:40:45.000-15:40:50.000,79,263,40,6
15:41:00.000-15:41:05.000,84,306,49,4
15:41:05.000-15:41:10.000,72,317,41,5
15:41:20.000-15:41:25.000,85,287,42,1
15:41:25.000-15:41:30.000,70,298,36,2
15:41:45.000-15:41:50.000,83,314,40,4
15:42:00.000-15:42:05.000,90,294,55,2
15:42:05.000-15:42:10.000,81,304,51,5
15:42:20.000-15:42:25.000,91,306,42,0
15:42:25.000-15:42:30.000,75,304,53,5
15:42:40.000-15:42:45.000,66,328,47,4
15:42:45.000-15:42:50.000,86,309,45,7
15:43:00.000-15:43:05.000,79,314,41,5
15:43:05.000-15:43:10.000,93,294,41,4
15:43:20.000-15:43:25.000,83,314,46,6
15:43:25.000-15:43:30.000,79,333,33,4
15:43:40.000-15:43:45.000,82,317,39,2
15:43:45.000-15:43:50.000,72,328,46,3
15:43:55.000-15:44:00.000,80,316,41,3
15:44:00.000-15:44:05.000,81,320,49,5
15:44:05.000-15:44:10.000,86,309,33,4
15:44:20.000-15:44:25.000,94,310,35,7
15:44:25.000-15:44:30.000,75,300,60,5
15:44:40.000-15:44:45.000,69,310,50,5
15:44:45.000-15:44:50.000,90,316,42,5
15:44:55.000-15:45:00.000,76,317,36,4
15:45:00.000-15:45:05.000,83,314,36,5
15:45:20.000-15:45:25.000,69,331,50,6
15:45:25.000-15:45:30.000,81,317,56,2
15:45:40.000-15:45:45.000,83,323,36,1
15:45:45.000-15:45:50.000,80,296,42,8
15:45:55.000-15:46:00.000,94,296,44,4
15:46:00.000-15:46:05.000,77,292,57,3
15:46:20.000-15:46:25.000,83,288,54,8
15:46:25.000-15:46:30.000,82,315,53,4
15:46:40.000-15:46:45.000,78,320,38,3
15:46:45.000-15:46:50.000,79,317,35,4
15:46:55.000-15:47:00.000,98,304,50,5
15:47:00.000-15:47:05.000,86,315,40,2
15:47:20.000-15:47:25.000,87,309,39,5
15:47:40.000-15:47:45.000,96,285,53,5
15:47:45.000-15:47:50.000,84,309,39,5
15:47:55.000-15:48:00.000,74,314,32,7
15:48:20.000-15:48:25.000,76,308,46,6
15:48:40.000-15:48:45.000,78,311,52,2
15:48:45.000-15:48:50.000,74,321,44,2
15:48:55.000-15:49:00.000,82,306,41,6
15:49:20.000-15:49:25.000,79,321,46,1
15:49:40.000-15:49:45.000,92,310,35,2
15:49:45.000-15:49:50.000,90,293,53,4
15:50:00.000-15:50:05.000,80,301,39,6
15:50:05.000-15:50:10.000,90,306,37,6
15:50:25.000-15:50:30.000,87,291,53,6
15:51:00.000-15:51:05.000,87,294,34,4
15:51:05.000-15:51:10.000,73,312,37,4
15:51:25.000-15:51:30.000,79,306,49,7
15:51:45.000-15:51:50.000,89,309,40,8
15:52:00.000-15:52:05.000,88,284,60,3
15:52:05.000-15:52:10.000,88,294,41,6
15:52:20.000-15:52:25.000,84,310,46,3
15:52:25.000-15:52:30.000,82,310,41,3
15:52:45.000-15:52:50.000,85,303,45,3
15:53:00.000-15:53:05.000,99,297,34,6
15:53:05.000-15:53:10.000,88,290,52,4
15:53:20.000-15:53:25.000,87,315,40,1
15:53:25.000-15:53:30.000,81,316,52,2
15:53:45.000-15:53:50.000,73,302,43,6
15:54:00.000-15:54:05.000,92,311,37,4
15:54:05.000-15:54:10.000,81,306,44,6
15:54:20.000-15:54:25.000,94,291,40,7
15:54:25.000-15:54:30.000,98,306,44,3
15:54:45.000-15:54:50.000,89,304,36,8
15:55:00.000-15:55:05.000,86,308,44,6
15:55:05.000-15:55:10.000,82,320,36,6
15:55:20.000-15:55:25.000,104,281,47,3
15:55:25.000-15:55:30.000,91,310,39,3
15:55:40.000-15:55:45.000,82,316,38,2
15:55:45.000-15:55:50.000,86,299,49,4
15:55:55.000-15:56:00.000,81,308,47,4
15:56:00.000-15:56:05.000,71,321,51,8
15:56:05.000-15:56:10.000,76,306,49,5
15:56:20.000-15:56:25.000,64,319,49,2
15:56:25.000-15:56:30.000,82,293,47,7
15:56:40.000-15:56:45.000,83,320,40,3
15:56:45.000-15:56:50.000,76,306,49,7
15:56:55.000-15:57:00.000,66,311,32,3
15:57:00.000-15:57:05.000,79,304,38,4
15:57:20.000-15:57:25.000,85,306,51,4
15:57:25.000-15:57:30.000,87,300,47,3
15:57:40.000-15:57:45.000,84,330,35,2
15:57:45.000-15:57:50.000,86,311,45,6
15:57:55.000-15:58:00.000,83,288,55,5
15:58:00.000-15:58:05.000,77,317,47,2
15:58:20.000-15:58:25.000,98,296,40,7
15:58:25.000-15:58:30.000,80,312,39,4
15:58:40.000-15:58:45.000,107,291,45,4
15:58:45.000-15:58:50.000,87,325,35,4
16:07:35.000-16:07:40.000,87,293,51,3
16:08:10.000-16:08:15.000,94,320,41,4
16:08:15.000-16:08:20.000,90,306,38,4
16:08:35.000-16:08:40.000,76,338,38,2
16:09:10.000-16:09:15.000,91,302,51,3
16:09:15.000-16:09:20.000,91,288,42,5
16:09:35.000-16:09:40.000,79,298,52,7
16:10:00.000-16:10:05.000,72,318,55,4
16:10:20.000-16:10:25.000,85,325,47,6
16:10:25.000-16:10:30.000,76,329,42,5
16:10:40.000-16:10:45.000,76,311,51,3
16:10:45.000-16:10:50.000,97,293,46,3
16:10:55.000-16:11:00.000,78,309,37,4
16:11:00.000-16:11:05.000,79,301,47,8
16:11:20.000-16:11:25.000,81,302,35,3
16:11:25.000-16:11:30.000,80,296,44,1
16:11:40.000-16:11:45.000,89,304,50,3
16:11:45.000-16:11:50.000,73,325,51,4
16:11:55.000-16:12:00.000,88,296,49,1
16:12:00.000-16:12:05.000,92,295,48,3
16:12:20.000-16:12:25.000,92,292,53,4
16:12:40.000-16:12:45.000,70,319,51,5
16:12:45.000-16:12:50.000,94,317,37,4
16:12:55.000-16:13:00.000,90,304,35,5
16:13:20.000-16:13:25.000,96,318,36,2
16:13:40.000-16:13:45.000,70,311,45,3
16:13:45.000-16:13:50.000,83,294,47,7
16:13:55.000-16:14:00.000,75,278,48,8
16:14:20.000-16:14:25.000,91,312,38,3
16:14:40.000-16:14:45.000,91,305,38,4
16:14:45.000-16:14:50.000,93,299,52,5
16:14:55.000-16:15:00.000,89,305,42,3
16:15:40.000-16:15:45.000,86,288,56,4
16:15:55.000-16:16:00.000,81,317,42,7
16:16:15.000-16:16:20.000,96,303,41,4
16:16:40.000-16:16:45.000,99,291,42,5
16:16:55.000-16:17:00.000,87,311,40,4
16:17:15.000-16:17:20.000,68,315,43,4
16:17:40.000-16:17:45.000,94,304,37,4
16:17:55.000-16:18:00.000,74,327,39,4
16:18:15.000-16:18:20.000,69,316,53,2
16:19:15.000-16:19:20.000,76,313,49,1
16:19:35.000-16:19:40.000,88,309,41,4
16:20:00.000-16:20:05.000,82,291,37,5
16:20:05.000-16:20:10.000,89,307,40,4
16:20:20.000-16:20:25.000,75,329,40,5
16:20:25.000-16:20:30.000,85,303,53,5
16:20:40.000-16:20:45.000,82,299,52,5
16:20:45.000-16:20:50.000,91,298,59,1
16:20:55.000-16:21:00.000,94,307,39,2
16:21:00.000-16:21:05.000,83,307,41,3
16:21:05.000-16:21:10.000,72,305,47,4
16:21:20.000-16:21:25.000,98,304,35,7
16:21:25.000-16:21:30.000,80,318,47,1
16:21:40.000-16:21:45.000,88,304,46,2
16:21:45.000-16:21:50.000,87,307,36,4
16:21:55.000-16:22:00.000,69,333,31,5
16:22:00.000-16:22:05.000,68,311,50,6
16:22:20.000-16:22:25.000,81,317,41,7
16:22:25.000-16:22:30.000,94,319,32,5
16:22:40.000-16:22:45.000,99,281,53,4
16:22:45.000-16:22:50.000,83,306,37,6
16:22:55.000-16:23:00.000,69,323,42,4
16:23:00.000-16:23:05.000,84,302,39,4
16:23:20.000-16:23:25.000,70,302,41,3
16:23:25.000-16:23:30.000,83,298,43,5
16:23:40.000-16:23:45.000,87,267,54,2
16:23:45.000-16:23:50.000,81,291,37,3
16:23:55.000-16:24:00.000,78,318,39,8
16:24:00.000-16:24:05.000,97,310,36,14
16:24:20.000-16:24:25.000,82,307,45,0
16:24:40.000-16:24:45.000,90,301,45,8
16:24:45.000-16:24:50.000,85,301,49,9
16:24:55.000-16:25:00.000,95,298,36,7
16:25:20.000-16:25:25.000,77,311,39,4
16:25:40.000-16:25:45.000,82,323,38,4
16:25:45.000-16:25:50.000,75,322,35,6
16:25:55.000-16:26:00.000,88,296,52,7
16:26:20.000-16:26:25.000,88,293,51,6
16:26:40.000-16:26:45.000,91,302,43,7
16:26:45.000-16:26:50.000,66,318,60,4
16:26:55.000-16:27:00.000,84,307,42,2
16:27:20.000-16:27:25.000,81,302,44,8
16:27:40.000-16:27:45.000,91,304,49,8
16:27:55.000-16:28:00.000,93,300,42,5
16:28:15.000-16:28:20.000,91,309,41,9
16:28:40.000-16:28:45.000,81,308,45,2
16:28:55.000-16:29:00.000,86,313,43,3
16:29:15.000-16:29:20.000,77,290,40,5
16:29:40.000-16:29:45.000,90,270,36,1
16:30:00.000-16:30:05.000,78,286,55,3
16:30:05.000-16:30:10.000,70,290,44,7
16:30:20.000-16:30:25.000,75,289,42,2
16:30:25.000-16:30:30.000,83,312,41,5
16:30:45.000-16:30:50.000,85,302,44,3
16:31:00.000-16:31:05.000,92,290,36,7
16:31:05.000-16:31:10.000,64,314,54,4
16:31:20.000-16:31:25.000,86,270,39,7
16:31:25.000-16:31:30.000,80,279,44,3
16:31:45.000-16:31:50.000,70,293,36,7
16:32:00.000-16:32:05.000,68,295,42,8
16:32:05.000-16:32:10.000,95,286,43,7
16:32:20.000-16:32:25.000,73,287,43,5
16:32:25.000-16:32:30.000,86,268,47,5
16:32:40.000-16:32:45.000,82,310,44,6
16:32:45.000-16:32:50.000,85,314,43,2
16:32:55.000-16:33:00.000,73,296,49,5
16:33:00.000-16:33:05.000,86,298,36,2
16:33:05.000-16:33:10.000,84,294,41,5
16:33:20.000-16:33:25.000,86,282,38,7
16:33:25.000-16:33:30.000,61,289,37,4
16:33:40.000-16:33:45.000,85,300,44,5
16:33:45.000-16:33:50.000,90,302,39,2
16:33:55.000-16:34:00.000,72,267,52,6
16:34:00.000-16:34:05.000,68,279,48,2
16:34:20.000-16:34:25.000,84,314,42,2
16:34:25.000-16:34:30.000,91,267,40,5
16:34:40.000-16:34:45.000,66,280,48,4
16:34:45.000-16:34:50.000,79,297,49,8
16:34:55.000-16:35:00.000,93,286,40,8
16:35:00.000-16:35:05.000,69,296,31,5
16:35:20.000-16:35:25.000,90,280,51,3
16:35:25.000-16:35:30.000,85,297,37,11
16:35:40.000-16:35:45.000,71,278,37,4
16:35:45.000-16:35:50.000,75,291,40,2
16:35:55.000-16:36:00.000,86,300,44,4
16:36:00.000-16:36:05.000,82,297,51,5
16:36:20.000-16:36:25.000,85,268,36,4
16:36:25.000-16:36:30.000,87,308,39,5
16:36:40.000-16:36:45.000,82,285,40,3
16:36:45.000-16:36:50.000,73,289,59,6
16:36:55.000-16:37:00.000,80,297,44,4
16:37:20.000-16:37:25.000,71,279,37,7
16:37:40.000-16:37:45.000,94,286,29,0
16:37:45.000-16:37:50.000,88,273,40,7
16:37:55.000-16:38:00.000,78,281,42,3
16:38:20.000-16:38:25.000,74,273,44,3
16:38:40.000-16:38:45.000,104,272,41,7
16:38:45.000-16:38:50.000,81,288,42,5
16:38:55.000-16:39:00.000,74,288,34,5
16:39:20.000-16:39:25.000,90,287,34,5
16:39:40.000-16:39:45.000,77,301,51,3
16:40:00.000-16:40:05.000,75,261,46,2
16:40:05.000-16:40:10.000,77,292,40,3
16:40:25.000-16:40:30.000,78,293,42,1
16:40:45.000-16:40:50.000,99,302,35,1
16:41:00.000-16:41:05.000,78,286,34,5
16:41:05.000-16:41:10.000,81,278,47,2
16:41:20.000-16:41:25.000,83,296,48,3
16:41:25.000-16:41:30.000,83,303,41,11
16:41:45.000-16:41:50.000,84,283,32,3
16:42:00.000-16:42:05.000,105,284,40,3
16:42:05.000-16:42:10.000,89,281,34,2
16:42:20.000-16:42:25.000,84,287,33,3
16:42:25.000-16:42:30.000,92,296,40,5
16:42:45.000-16:42:50.000,85,296,47,2
16:43:00.000-16:43:05.000,78,308,48,5
16:43:05.000-16:43:10.000,85,296,51,3
16:43:20.000-16:43:25.000,70,287,39,7
16:43:25.000-16:43:30.000,71,284,31,4
16:43:45.000-16:43:50.000,93,270,40,5
16:44:00.000-16:44:05.000,85,269,44,3
16:44:05.000-16:44:10.000,92,296,41,9
16:44:20.000-16:44:25.000,84,271,45,3
16:44:25.000-16:44:30.000,68,281,45,3
16:44:40.000-16:44:45.000,68,267,36,3
16:56:20.000-16:56:25.000,10,20,4,0
16:56:25.000-16:56:30.000,98,286,50,2
16:56:40.000-16:56:45.000,100,274,45,7
16:56:45.000-16:56:50.000,90,284,35,4
16:57:00.000-16:57:05.000,61,311,44,4
16:57:05.000-16:57:10.000,62,296,34,4
16:57:20.000-16:57:25.000,76,304,49,7
16:57:25.000-16:57:30.000,22,68,12,0
