09:40:50.000-09:40:55.000,73,254,32,3
09:41:05.000-09:41:10.000,79,311,40,5
09:41:25.000-09:41:30.000,74,304,48,6
09:41:50.000-09:41:55.000,88,295,48,6
09:42:00.000-09:42:05.000,81,295,44,2
09:42:05.000-09:42:10.000,93,305,37,2
09:42:25.000-09:42:30.000,82,311,43,5
09:42:50.000-09:42:55.000,80,303,47,6
09:43:00.000-09:43:05.000,92,273,53,6
09:43:05.000-09:43:10.000,85,303,39,1
09:43:25.000-09:43:30.000,78,305,50,2
09:44:00.000-09:44:05.000,79,282,35,3
09:44:05.000-09:44:10.000,79,293,35,6
09:44:25.000-09:44:30.000,73,305,43,8
09:44:45.000-09:44:50.000,83,304,47,4
09:45:00.000-09:45:05.000,77,303,45,8
09:45:05.000-09:45:10.000,81,292,35,4
09:45:20.000-09:45:25.000,84,305,41,4
09:45:25.000-09:45:30.000,81,305,45,4
09:45:45.000-09:45:50.000,83,302,45,5
09:46:00.000-09:46:05.000,84,298,47,4
09:46:05.000-09:46:10.000,89,292,49,2
09:46:20.000-09:46:25.000,83,309,51,2
09:46:25.000-09:46:30.000,95,312,35,5
09:46:45.000-09:46:50.000,80,285,48,5
09:47:00.000-09:47:05.000,95,304,39,3
09:47:05.000-09:47:10.000,69,311,48,6
09:47:20.000-09:47:25.000,83,308,43,2
09:47:25.000-09:47:30.000,93,301,48,2
09:47:40.000-09:47:45.000,75,310,40,4
09:47:45.000-09:47:50.000,74,313,39,4
09:48:00.000-09:48:05.000,61,261,30,3
09:48:05.000-09:48:10.000,70,308,45,5
09:48:20.000-09:48:25.000,77,303,37,5
09:48:25.000-09:48:30.000,84,289,48,4
09:48:40.000-09:48:45.000,94,303,45,6
09:48:45.000-09:48:50.000,89,306,44,6
09:48:55.000-09:49:00.000,78,313,45,3
09:49:00.000-09:49:05.000,90,294,43,3
09:49:05.000-09:49:10.000,79,302,44,4
09:49:20.000-09:49:25.000,79,291,52,3
09:49:25.000-09:49:30.000,91,287,38,7
09:49:40.000-09:49:45.000,74,309,33,7
09:49:45.000-09:49:50.000,79,301,45,7
09:50:30.000-09:50:35.000,76,300,40,11
09:50:50.000-09:50:55.000,80,280,58,6
09:51:05.000-09:51:10.000,105,274,46,4
09:51:30.000-09:51:35.000,79,283,43,3
09:51:50.000-09:51:55.000,91,282,39,3
09:52:05.000-09:52:10.000,82,285,36,5
09:52:30.000-09:52:35.000,81,328,32,3
09:52:50.000-09:52:55.000,80,307,32,8
09:53:05.000-09:53:10.000,72,316,45,9
09:53:25.000-09:53:30.000,91,308,45,5
09:53:50.000-09:53:55.000,69,321,37,7
09:54:00.000-09:54:05.000,84,290,51,8
09:54:05.000-09:54:10.000,87,293,48,4
09:54:25.000-09:54:30.000,84,314,40,3
09:54:50.000-09:54:55.000,74,317,45,5
09:55:00.000-09:55:05.000,73,311,33,2
09:55:05.000-09:55:10.000,79,291,37,6
09:55:25.000-09:55:30.000,77,306,39,8
09:56:00.000-09:56:05.000,87,304,37,4
09:56:05.000-09:56:10.000,86,297,32,3
09:56:25.000-09:56:30.000,96,277,49,3
09:56:45.000-09:56:50.000,71,291,43,5
09:57:00.000-09:57:05.000,78,308,35,5
09:57:05.000-09:57:10.000,82,312,40,6
09:57:20.000-09:57:25.000,88,267,36,4
09:57:25.000-09:57:30.000,77,277,38,5
09:57:45.000-09:57:50.000,67,290,35,4
09:58:00.000-09:58:05.000,84,270,45,6
09:58:05.000-09:58:10.000,82,300,39,6
09:58:20.000-09:58:25.000,79,294,40,5
09:58:25.000-09:58:30.000,68,290,58,3
09:58:45.000-09:58:50.000,74,297,49,4
09:59:00.000-09:59:05.000,77,294,59,4
09:59:05.000-09:59:10.000,86,300,41,6
09:59:20.000-09:59:25.000,79,325,35,3
09:59:25.000-09:59:30.000,79,285,44,11
09:59:45.000-09:59:50.000,91,305,40,5
09:59:55.000-10:00:00.000,77,313,31,3
10:00:00.000-10:00:05.000,77,290,55,4
10:00:20.000-10:00:25.000,74,302,52,5
10:00:25.000-10:00:30.000,90,292,49,5
10:00:40.000-10:00:45.000,79,291,45,3
10:00:45.000-10:00:50.000,78,296,44,7
10:00:55.000-10:01:00.000,78,293,49,8
10:01:00.000-10:01:05.000,88,296,40,5
10:01:20.000-10:01:25.000,86,279,45,6
10:01:25.000-10:01:30.000,82,311,42,1
10:01:40.000-10:01:45.000,71,305,46,6
10:01:45.000-10:01:50.000,76,294,34,3
10:01:55.000-10:02:00.000,100,280,36,2
10:02:00.000-10:02:05.000,88,301,46,2
10:02:20.000-10:02:25.000,71,299,60,5
10:02:40.000-10:02:45.000,77,275,38,6
10:02:45.000-10:02:50.000,94,274,44,3
10:02:55.000-10:03:00.000,80,302,49,4
10:03:20.000-10:03:25.000,78,324,39,5
10:03:40.000-10:03:45.000,83,291,52,11
10:03:45.000-10:03:50.000,106,292,33,5
10:03:55.000-10:04:00.000,95,285,50,4
10:04:20.000-10:04:25.000,85,308,41,8
10:04:40.000-10:04:45.000,73,318,47,5
10:04:45.000-10:04:50.000,89,302,36,5
10:04:55.000-10:05:00.000,90,307,33,2
10:05:40.000-10:05:45.000,86,315,44,6
10:05:55.000-10:06:00.000,86,301,43,7
10:06:15.000-10:06:20.000,81,307,52,5
10:06:40.000-10:06:45.000,97,308,39,9
10:06:55.000-10:07:00.000,87,315,38,5
10:07:15.000-10:07:20.000,89,294,46,1
10:07:40.000-10:07:45.000,81,276,48,1
10:07:55.000-10:08:00.000,94,306,40,1
10:08:15.000-10:08:20.000,84,291,37,4
10:09:15.000-10:09:20.000,70,303,41,3
10:09:35.000-10:09:40.000,84,317,35,4
10:10:00.000-10:10:05.000,72,289,45,2
10:10:05.000-10:10:10.000,83,291,38,6
10:10:20.000-10:10:25.000,78,305,37,6
10:10:25.000-10:10:30.000,88,299,52,5
10:10:40.000-10:10:45.000,80,283,51,5
10:10:45.000-10:10:50.000,78,304,33,7
10:10:55.000-10:11:00.000,81,298,46,2
10:11:00.000-10:11:05.000,75,317,37,2
10:11:05.000-10:11:10.000,110,279,39,2
10:11:20.000-10:11:25.000,84,289,39,1
10:11:25.000-10:11:30.000,73,315,40,3
10:11:40.000-10:11:45.000,85,290,51,3
10:11:45.000-10:11:50.000,93,288,49,5
10:11:55.000-10:12:00.000,68,298,35,5
10:12:00.000-10:12:05.000,71,326,40,2
10:12:20.000-10:12:25.000,67,325,34,5
10:12:25.000-10:12:30.000,98,295,35,2
10:12:40.000-10:12:45.000,74,330,32,4
10:12:45.000-10:12:50.000,79,319,39,3
10:12:55.000-10:13:00.000,80,304,30,4
10:13:00.000-10:13:05.000,88,267,42,7
10:13:20.000-10:13:25.000,82,288,52,6
10:13:25.000-10:13:30.000,79,292,30,6
10:13:40.000-10:13:45.000,94,279,41,5
10:13:45.000-10:13:50.000,72,308,50,5
10:13:55.000-10:14:00.000,81,313,34,5
10:14:00.000-10:14:05.000,85,288,45,3
10:14:20.000-10:14:25.000,96,290,54,4
10:14:40.000-10:14:45.000,84,304,47,3
10:14:45.000-10:14:50.000,72,329,30,1
10:14:55.000-10:15:00.000,83,314,55,0
10:15:20.000-10:15:25.000,86,303,33,4
10:15:40.000-10:15:45.000,79,295,37,6
10:15:45.000-10:15:50.000,80,280,50,6
10:15:55.000-10:16:00.000,78,308,44,2
10:16:20.000-10:16:25.000,74,294,47,3
10:16:40.000-10:16:45.000,91,306,38,6
10:16:45.000-10:16:50.000,85,286,45,3
10:16:55.000-10:17:00.000,74,287,39,4
10:17:20.000-10:17:25.000,80,326,37,5
10:17:40.000-10:17:45.000,75,318,41,7
10:17:55.000-10:18:00.000,72,305,44,3
10:18:15.000-10:18:20.000,86,322,52,1
10:18:40.000-10:18:45.000,76,331,31,8
10:18:55.000-10:19:00.000,86,296,46,8
10:19:15.000-10:19:20.000,89,296,46,7
10:19:40.000-10:19:45.000,80,312,33,4
10:20:00.000-10:20:05.000,76,332,34,4
10:20:05.000-10:20:10.000,84,297,51,7
10:20:20.000-10:20:25.000,94,289,36,3
10:20:25.000-10:20:30.000,86,273,35,1
10:20:45.000-10:20:50.000,76,306,54,6
10:21:00.000-10:21:05.000,81,297,50,4
10:21:05.000-10:21:10.000,80,301,41,5
10:21:20.000-10:21:25.000,80,290,45,5
10:21:25.000-10:21:30.000,75,291,43,5
10:21:45.000-10:21:50.000,42,196,26,2
10:22:00.000-10:22:05.000,81,299,29,5
10:22:05.000-10:22:10.000,85,304,35,4
10:22:20.000-10:22:25.000,85,298,36,7
10:22:25.000-10:22:30.000,74,310,40,2
10:22:40.000-10:22:45.000,79,299,46,3
10:22:45.000-10:22:50.000,73,299,40,6
10:22:55.000-10:23:00.000,93,287,29,8
10:23:00.000-10:23:05.000,80,294,44,3
10:23:05.000-10:23:10.000,87,273,39,2
10:23:20.000-10:23:25.000,88,287,35,5
10:23:25.000-10:23:30.000,90,278,39,6
10:23:40.000-10:23:45.000,88,293,42,8
10:23:45.000-10:23:50.000,77,294,54,2
10:23:55.000-10:24:00.000,73,298,46,7
10:24:00.000-10:24:05.000,75,311,31,3
10:24:20.000-10:24:25.000,69,297,39,3
10:24:25.000-10:24:30.000,94,283,37,6
10:24:40.000-10:24:45.000,70,313,38,6
10:24:45.000-10:24:50.000,92,299,40,2
10:24:55.000-10:25:00.000,73,300,48,6
10:25:00.000-10:25:05.000,81,308,30,5
10:25:20.000-10:25:25.000,90,297,37,4
10:25:25.000-10:25:30.000,85,287,48,5
10:25:40.000-10:25:45.000,83,286,45,11
10:25:45.000-10:25:50.000,78,310,33,1
10:25:55.000-10:26:00.000,77,317,31,4
10:26:00.000-10:26:05.000,95,297,40,4
10:26:20.000-10:26:25.000,66,313,48,2
10:26:25.000-10:26:30.000,89,303,37,4
10:26:40.000-10:26:45.000,92,293,36,4
10:26:45.000-10:26:50.000,82,300,40,6
10:26:55.000-10:27:00.000,83,269,43,3
10:27:20.000-10:27:25.000,74,290,55,4
10:27:40.000-10:27:45.000,74,289,50,4
10:27:45.000-10:27:50.000,83,293,42,6
10:27:55.000-10:28:00.000,89,305,40,7
10:28:20.000-10:28:25.000,71,304,52,7
10:28:40.000-10:28:45.000,97,287,45,7
10:28:45.000-10:28:50.000,80,300,53,4
10:28:55.000-10:29:00.000,74,307,48,2
10:29:20.000-10:29:25.000,89,285,40,4
10:29:40.000-10:29:45.000,87,303,42,2
10:30:00.000-10:30:05.000,75,301,39,4
10:30:05.000-10:30:10.000,86,299,47,5
10:30:25.000-10:30:30.000,73,290,44,2
10:30:45.000-10:30:50.000,85,302,47,5
11:46:45.000-11:46:50.000,75,295,36,3
11:47:00.000-11:47:05.000,72,290,37,3
11:47:05.000-11:47:10.000,83,283,34,6
11:47:20.000-11:47:25.000,85,273,44,3
11:47:25.000-11:47:30.000,87,271,42,4
11:47:45.000-11:47:50.000,82,278,38,8
11:48:00.000-11:48:05.000,74,281,41,9
11:48:05.000-11:48:10.000,70,285,46,4
11:48:20.000-11:48:25.000,66,299,38,1
11:48:25.000-11:48:30.000,73,291,40,3
11:48:40.000-11:48:45.000,71,283,48,5
11:48:45.000-11:48:50.000,83,275,43,5
11:48:55.000-11:49:00.000,85,274,43,4
11:49:00.000-11:49:05.000,80,282,41,1
11:49:05.000-11:49:10.000,79,287,37,2
11:49:20.000-11:49:25.000,86,267,50,4
11:49:25.000-11:49:30.000,78,280,43,7
11:49:40.000-11:49:45.000,75,287,47,4
11:49:45.000-11:49:50.000,79,294,40,3
11:50:30.000-11:50:35.000,76,279,44,10
11:50:50.000-11:50:55.000,92,311,47,3
11:51:05.000-11:51:10.000,90,284,40,7
11:51:30.000-11:51:35.000,75,307,36,5
11:51:50.000-11:51:55.000,83,298,42,4
11:52:05.000-11:52:10.000,89,274,45,2
11:52:30.000-11:52:35.000,84,302,38,3
11:52:50.000-11:52:55.000,84,277,56,4
11:53:05.000-11:53:10.000,71,306,45,5
11:53:50.000-11:53:55.000,84,294,44,4
11:54:05.000-11:54:10.000,63,301,47,10
11:54:25.000-11:54:30.000,74,293,45,5
11:54:50.000-11:54:55.000,86,301,41,2
11:55:00.000-11:55:05.000,83,293,41,4
11:55:05.000-11:55:10.000,86,290,47,4
11:55:25.000-11:55:30.000,96,283,29,6
11:55:50.000-11:55:55.000,80,291,43,4
11:56:00.000-11:56:05.000,102,283,40,2
11:56:05.000-11:56:10.000,81,304,40,6
11:56:25.000-11:56:30.000,93,276,40,10
11:57:00.000-11:57:05.000,89,285,38,3
11:57:05.000-11:57:10.000,102,267,48,4
11:57:20.000-11:57:25.000,86,280,51,7
11:57:25.000-11:57:30.000,75,316,36,1
11:57:45.000-11:57:50.000,76,291,47,4
11:58:00.000-11:58:05.000,76,297,45,6
11:58:05.000-11:58:10.000,76,308,41,6
11:58:20.000-11:58:25.000,93,303,53,1
11:58:25.000-11:58:30.000,64,341,41,3
11:58:45.000-11:58:50.000,84,303,43,9
11:59:00.000-11:59:05.000,79,311,45,12
11:59:05.000-11:59:10.000,86,298,59,1
11:59:20.000-11:59:25.000,95,293,49,6
11:59:25.000-11:59:30.000,84,308,45,3
11:59:45.000-11:59:50.000,65,309,43,7
11:59:55.000-12:00:00.000,85,302,55,8
12:00:00.000-12:00:05.000,91,302,52,2
12:00:05.000-12:00:10.000,83,300,46,7
12:00:20.000-12:00:25.000,81,306,40,4
12:00:25.000-12:00:30.000,76,322,48,4
12:00:40.000-12:00:45.000,88,298,54,1
12:00:45.000-12:00:50.000,74,321,41,5
12:00:55.000-12:01:00.000,83,323,35,2
12:01:00.000-12:01:05.000,89,313,41,7
12:01:05.000-12:01:10.000,86,320,47,3
12:01:20.000-12:01:25.000,78,325,41,6
12:01:25.000-12:01:30.000,80,303,53,3
12:01:40.000-12:01:45.000,80,299,47,4
12:01:45.000-12:01:50.000,84,294,40,3
12:01:55.000-12:02:00.000,89,301,29,4
12:02:00.000-12:02:05.000,86,297,54,2
12:02:20.000-12:02:25.000,89,296,44,4
12:02:25.000-12:02:30.000,75,310,47,4
12:02:40.000-12:02:45.000,74,298,42,3
12:02:45.000-12:02:50.000,83,291,47,5
12:02:55.000-12:03:00.000,83,304,38,7
12:03:00.000-12:03:05.000,67,314,50,6
12:03:20.000-12:03:25.000,90,313,35,6
12:03:25.000-12:03:30.000,66,281,45,2
12:03:40.000-12:03:45.000,97,307,34,5
12:03:45.000-12:03:50.000,85,302,50,3
12:03:55.000-12:04:00.000,78,309,46,7
12:04:00.000-12:04:05.000,81,306,50,2
12:04:20.000-12:04:25.000,75,323,39,3
12:04:25.000-12:04:30.000,88,309,39,2
12:04:40.000-12:04:45.000,73,319,42,5
12:04:45.000-12:04:50.000,81,295,58,4
12:04:55.000-12:05:00.000,76,305,52,6
12:05:00.000-12:05:05.000,70,319,41,7
12:05:20.000-12:05:25.000,79,309,49,4
12:05:40.000-12:05:45.000,79,319,35,4
12:05:45.000-12:05:50.000,87,298,48,6
12:05:55.000-12:06:00.000,87,312,34,5
12:06:20.000-12:06:25.000,81,317,45,6
12:06:40.000-12:06:45.000,81,309,49,9
12:06:45.000-12:06:50.000,96,299,43,5
12:06:55.000-12:07:00.000,79,305,38,3
12:07:20.000-12:07:25.000,86,310,33,2
12:07:40.000-12:07:45.000,101,303,41,2
12:07:55.000-12:08:00.000,81,290,57,6
12:08:40.000-12:08:45.000,79,318,48,3
12:08:55.000-12:09:00.000,80,321,41,7
12:09:15.000-12:09:20.000,74,293,39,9
12:09:40.000-12:09:45.000,91,283,39,5
12:10:00.000-12:10:05.000,82,282,47,5
12:10:05.000-12:10:10.000,78,292,40,6
12:10:20.000-12:10:25.000,89,298,31,2
12:10:25.000-12:10:30.000,68,298,43,4
12:10:45.000-12:10:50.000,73,299,40,2
12:11:00.000-12:11:05.000,76,291,47,4
12:11:05.000-12:11:10.000,79,296,51,5
12:11:20.000-12:11:25.000,86,299,43,3
12:11:25.000-12:11:30.000,77,305,39,4
12:11:45.000-12:11:50.000,85,298,40,4
12:12:00.000-12:12:05.000,74,311,36,4
12:12:05.000-12:12:10.000,89,284,53,3
12:12:20.000-12:12:25.000,87,288,41,6
12:12:25.000-12:12:30.000,87,295,29,10
12:12:40.000-12:12:45.000,80,293,39,9
12:12:45.000-12:12:50.000,85,300,37,2
12:13:00.000-12:13:05.000,73,310,37,2
12:13:05.000-12:13:10.000,88,290,47,1
12:13:20.000-12:13:25.000,90,280,47,5
12:13:25.000-12:13:30.000,82,301,45,2
12:13:40.000-12:13:45.000,74,299,53,3
12:13:45.000-12:13:50.000,84,293,38,1
12:13:55.000-12:14:00.000,94,284,48,5
12:14:00.000-12:14:05.000,88,290,54,3
12:14:20.000-12:14:25.000,87,275,48,6
12:14:25.000-12:14:30.000,67,307,39,3
12:14:40.000-12:14:45.000,84,306,50,6
12:14:45.000-12:14:50.000,86,303,44,8
12:14:55.000-12:15:00.000,73,309,51,5
12:15:00.000-12:15:05.000,71,320,40,3
12:15:20.000-12:15:25.000,93,295,35,5
12:15:25.000-12:15:30.000,74,302,45,4
12:15:40.000-12:15:45.000,86,242,39,2
12:15:45.000-12:15:50.000,75,304,42,4
12:15:55.000-12:16:00.000,88,292,40,7
12:16:00.000-12:16:05.000,74,287,55,2
12:16:20.000-12:16:25.000,80,310,30,5
12:16:25.000-12:16:30.000,91,283,44,6
12:16:40.000-12:16:45.000,72,303,48,5
12:16:45.000-12:16:50.000,83,298,40,2
12:16:55.000-12:17:00.000,105,274,46,3
12:17:00.000-12:17:05.000,81,293,45,6
12:17:20.000-12:17:25.000,82,297,43,3
12:17:40.000-12:17:45.000,73,333,30,5
12:17:45.000-12:17:50.000,73,307,40,6
12:17:55.000-12:18:00.000,93,280,49,4
12:18:20.000-12:18:25.000,95,296,25,3
12:18:40.000-12:18:45.000,78,292,42,3
12:18:45.000-12:18:50.000,81,304,34,5
12:18:55.000-12:19:00.000,91,298,33,7
12:19:20.000-12:19:25.000,86,293,41,3
12:19:40.000-12:19:45.000,83,290,47,3
12:19:45.000-12:19:50.000,82,297,35,5
12:20:00.000-12:20:05.000,80,303,35,3
12:20:05.000-12:20:10.000,80,305,46,1
12:20:25.000-12:20:30.000,87,297,51,6
12:21:00.000-12:21:05.000,80,308,32,3
12:21:05.000-12:21:10.000,92,282,41,3
12:21:25.000-12:21:30.000,79,293,43,7
12:21:45.000-12:21:50.000,74,306,45,3
12:22:00.000-12:22:05.000,73,309,42,3
12:22:05.000-12:22:10.000,72,303,41,4
12:22:20.000-12:22:25.000,79,325,37,3
12:22:25.000-12:22:30.000,85,302,46,10
12:22:45.000-12:22:50.000,84,301,46,4
12:23:00.000-12:23:05.000,74,323,40,4
12:23:05.000-12:23:10.000,70,329,34,2
12:23:20.000-12:23:25.000,80,300,58,8
12:23:25.000-12:23:30.000,72,314,40,8
12:23:45.000-12:23:50.000,80,316,48,2
12:24:00.000-12:24:05.000,75,296,45,4
12:24:05.000-12:24:10.000,77,296,48,1
12:24:20.000-12:24:25.000,86,292,48,6
12:24:25.000-12:24:30.000,78,301,42,1
12:24:40.000-12:24:45.000,73,314,41,4
12:24:45.000-12:24:50.000,71,302,54,7
12:25:00.000-12:25:05.000,74,293,54,2
12:25:05.000-12:25:10.000,84,299,36,6
12:25:20.000-12:25:25.000,82,316,38,2
12:25:25.000-12:25:30.000,70,317,40,5
12:25:40.000-12:25:45.000,73,289,54,3
12:25:45.000-12:25:50.000,90,300,41,5
12:25:55.000-12:26:00.000,88,315,31,4
12:26:00.000-12:26:05.000,75,291,56,5
12:26:05.000-12:26:10.000,79,314,27,5
12:26:20.000-12:26:25.000,84,295,47,4
12:26:25.000-12:26:30.000,95,282,49,7
12:26:40.000-12:26:45.000,68,303,53,2
12:26:45.000-12:26:50.000,76,306,30,3
12:26:55.000-12:27:00.000,88,301,46,3
12:27:00.000-12:27:05.000,76,317,34,7
12:27:20.000-12:27:25.000,85,281,38,2
12:27:25.000-12:27:30.000,88,278,55,4
12:27:40.000-12:27:45.000,89,288,53,3
12:27:45.000-12:27:50.000,80,305,37,12
12:27:55.000-12:28:00.000,80,298,36,4
12:28:00.000-12:28:05.000,82,296,53,3
12:28:20.000-12:28:25.000,86,302,43,6
12:28:25.000-12:28:30.000,84,301,37,7
12:28:40.000-12:28:45.000,64,310,45,4
12:28:45.000-12:28:50.000,91,297,27,8
12:28:55.000-12:29:00.000,86,301,38,3
12:29:00.000-12:29:05.000,81,294,33,3
12:29:20.000-12:29:25.000,85,299,41,3
12:29:40.000-12:29:45.000,81,292,44,6
12:29:45.000-12:29:50.000,80,315,36,4
12:30:05.000-12:30:10.000,70,309,41,5
12:30:50.000-12:30:55.000,78,304,40,6
12:31:00.000-12:31:05.000,78,300,33,3
12:31:05.000-12:31:10.000,80,287,41,4
12:31:25.000-12:31:30.000,83,291,52,6
12:31:50.000-12:31:55.000,88,289,42,4
12:32:00.000-12:32:05.000,83,302,42,7
12:32:05.000-12:32:10.000,72,300,48,2
12:32:25.000-12:32:30.000,98,281,46,3
12:32:50.000-12:32:55.000,71,294,45,6
12:33:00.000-12:33:05.000,85,296,43,3
12:33:05.000-12:33:10.000,87,290,51,3
12:33:25.000-12:33:30.000,78,279,51,4
12:33:45.000-12:33:50.000,81,301,44,4
12:34:00.000-12:34:05.000,72,294,51,4
12:34:05.000-12:34:10.000,61,252,34,6
12:34:20.000-12:34:25.000,89,289,38,7
12:34:25.000-12:34:30.000,88,295,37,3
12:34:45.000-12:34:50.000,77,304,46,1
12:35:00.000-12:35:05.000,77,305,43,3
12:35:05.000-12:35:10.000,72,321,30,2
12:35:20.000-12:35:25.000,86,295,43,5
12:35:25.000-12:35:30.000,83,289,33,6
12:35:45.000-12:35:50.000,86,305,43,5
12:36:00.000-12:36:05.000,77,285,50,4
12:36:05.000-12:36:10.000,68,299,50,0
12:36:20.000-12:36:25.000,88,303,37,2
12:36:25.000-12:36:30.000,68,298,53,6
12:36:45.000-12:36:50.000,80,296,33,7
12:37:00.000-12:37:05.000,83,292,51,2
12:37:05.000-12:37:10.000,72,295,43,4
12:37:20.000-12:37:25.000,81,275,48,5
12:37:25.000-12:37:30.000,83,305,45,1
12:37:40.000-12:37:45.000,89,284,47,6
12:37:45.000-12:37:50.000,94,292,45,1
12:37:55.000-12:38:00.000,100,271,55,4
12:38:00.000-12:38:05.000,91,313,34,4
12:38:05.000-12:38:10.000,82,316,36,5
12:38:20.000-12:38:25.000,79,297,37,1
12:38:25.000-12:38:30.000,69,309,36,2
12:38:40.000-12:38:45.000,87,289,41,5
12:38:45.000-12:38:50.000,68,304,45,4
12:38:55.000-12:39:00.000,88,290,37,7
12:39:00.000-12:39:05.000,83,306,39,4
12:39:20.000-12:39:25.000,78,302,34,4
12:39:25.000-12:39:30.000,79,298,41,8
12:39:40.000-12:39:45.000,96,284,44,9
12:39:45.000-12:39:50.000,86,311,36,3
12:40:05.000-12:40:10.000,94,296,39,4
12:40:30.000-12:40:35.000,64,308,43,3
12:40:50.000-12:40:55.000,74,317,46,2
12:41:05.000-12:41:10.000,69,317,37,1
12:41:30.000-12:41:35.000,64,315,37,5
12:41:50.000-12:41:55.000,86,295,46,1
12:42:05.000-12:42:10.000,74,292,43,5
12:42:50.000-12:42:55.000,85,293,37,6
12:43:05.000-12:43:10.000,86,290,46,4
12:43:25.000-12:43:30.000,73,311,40,3
12:43:50.000-12:43:55.000,84,292,36,3
12:44:00.000-12:44:05.000,84,294,49,5
12:44:05.000-12:44:10.000,85,295,48,5
12:44:25.000-12:44:30.000,81,279,50,6
12:44:50.000-12:44:55.000,80,273,52,7
12:45:00.000-12:45:05.000,65,292,47,5
12:45:05.000-12:45:10.000,67,311,47,0
12:45:25.000-12:45:30.000,76,297,34,4
12:46:00.000-12:46:05.000,75,286,39,5
12:46:05.000-12:46:10.000,62,293,53,5
12:46:20.000-12:46:25.000,86,303,40,3
12:46:25.000-12:46:30.000,74,295,53,3
12:46:45.000-12:46:50.000,85,314,40,1
12:47:00.000-12:47:05.000,71,296,51,4
12:47:05.000-12:47:10.000,69,279,57,7
12:47:20.000-12:47:25.000,76,311,49,6
12:47:25.000-12:47:30.000,84,294,49,3
12:47:45.000-12:47:50.000,71,305,41,8
12:48:00.000-12:48:05.000,87,310,42,6
12:48:05.000-12:48:10.000,78,322,40,5
12:48:20.000-12:48:25.000,95,291,40,3
12:48:25.000-12:48:30.000,88,305,39,4
12:48:45.000-12:48:50.000,83,296,36,3
12:49:00.000-12:49:05.000,75,321,36,4
12:49:05.000-12:49:10.000,88,310,38,4
12:49:20.000-12:49:25.000,88,292,42,4
12:49:25.000-12:49:30.000,78,302,33,2
12:49:40.000-12:49:45.000,76,302,44,3
12:49:45.000-12:49:50.000,99,298,39,1
12:49:55.000-12:50:00.000,91,298,41,6
12:50:10.000-12:50:15.000,68,324,39,4
12:50:30.000-12:50:35.000,68,289,62,7
12:50:35.000-12:50:40.000,82,310,39,3
12:50:50.000-12:50:55.000,79,305,38,8
12:51:10.000-12:51:15.000,80,307,44,4
12:51:30.000-12:51:35.000,83,283,41,6
12:51:50.000-12:51:55.000,74,309,42,6
12:52:30.000-12:52:35.000,104,274,41,3
12:52:50.000-12:52:55.000,64,322,54,0
12:53:05.000-12:53:10.000,80,280,58,3
12:53:30.000-12:53:35.000,85,307,38,5
12:53:50.000-12:53:55.000,65,307,47,3
12:54:05.000-12:54:10.000,72,318,34,6
12:54:30.000-12:54:35.000,65,304,41,3
12:54:50.000-12:54:55.000,66,283,42,8
12:55:05.000-12:55:10.000,65,300,56,4
12:55:25.000-12:55:30.000,85,297,43,4
12:55:50.000-12:55:55.000,85,276,54,5
12:56:00.000-12:56:05.000,69,285,49,2
12:56:05.000-12:56:10.000,80,282,44,4
12:56:25.000-12:56:30.000,81,277,46,8
12:56:50.000-12:56:55.000,80,309,40,5
12:57:00.000-12:57:05.000,76,290,47,1
12:57:05.000-12:57:10.000,87,285,43,4
12:57:25.000-12:57:30.000,79,295,50,5
12:58:00.000-12:58:05.000,70,302,43,6
12:58:05.000-12:58:10.000,53,320,40,2
12:58:25.000-12:58:30.000,69,311,45,4
12:58:45.000-12:58:50.000,81,301,42,1
12:59:00.000-12:59:05.000,87,256,34,6
12:59:05.000-12:59:10.000,71,304,60,3
12:59:20.000-12:59:25.000,74,279,53,0
12:59:25.000-12:59:30.000,69,284,46,5
12:59:45.000-12:59:50.000,83,272,54,2
12:59:55.000-13:00:00.000,83,289,31,4
13:00:00.000-13:00:05.000,75,299,31,6
13:00:05.000-13:00:10.000,109,276,41,4
13:00:20.000-13:00:25.000,82,293,34,1
13:00:25.000-13:00:30.000,69,292,36,5
13:00:45.000-13:00:50.000,90,294,36,7
13:01:00.000-13:01:05.000,69,295,45,4
13:01:05.000-13:01:10.000,89,287,37,6
13:01:20.000-13:01:25.000,82,291,38,4
13:01:25.000-13:01:30.000,86,279,41,1
13:01:40.000-13:01:45.000,85,295,45,7
13:01:45.000-13:01:50.000,81,309,44,2
13:02:00.000-13:02:05.000,75,298,33,5
13:02:05.000-13:02:10.000,80,289,42,6
13:02:20.000-13:02:25.000,82,307,43,11
13:02:25.000-13:02:30.000,79,304,51,3
13:02:40.000-13:02:45.000,78,315,36,7
13:02:45.000-13:02:50.000,71,314,44,4
13:02:55.000-13:03:00.000,87,296,47,4
13:03:00.000-13:03:05.000,81,307,39,2
13:03:05.000-13:03:10.000,72,297,54,7
13:03:20.000-13:03:25.000,84,306,49,4
13:03:25.000-13:03:30.000,88,307,39,5
13:03:40.000-13:03:45.000,92,277,47,6
13:03:45.000-13:03:50.000,74,304,44,5
13:03:55.000-13:04:00.000,64,333,44,6
13:04:00.000-13:04:05.000,87,294,55,2
13:04:20.000-13:04:25.000,94,294,36,7
13:04:25.000-13:04:30.000,107,292,43,3
13:04:40.000-13:04:45.000,73,299,50,6
13:04:45.000-13:04:50.000,92,303,46,6
13:04:55.000-13:05:00.000,81,327,27,3
13:05:00.000-13:05:05.000,75,327,41,2
13:05:20.000-13:05:25.000,85,306,45,4
13:05:25.000-13:05:30.000,76,307,49,5
13:05:40.000-13:05:45.000,79,322,48,1
13:05:45.000-13:05:50.000,85,304,47,3
13:05:55.000-13:06:00.000,87,311,37,1
13:06:00.000-13:06:05.000,86,309,40,4
13:06:20.000-13:06:25.000,99,299,35,6
13:06:40.000-13:06:45.000,83,313,39,6
13:06:45.000-13:06:50.000,94,317,35,5
13:06:55.000-13:07:00.000,81,302,50,2
13:07:20.000-13:07:25.000,85,326,33,7
13:07:40.000-13:07:45.000,89,296,44,3
13:07:45.000-13:07:50.000,81,317,49,1
13:07:55.000-13:08:00.000,81,300,52,4
13:08:20.000-13:08:25.000,83,312,46,5
13:08:40.000-13:08:45.000,87,298,38,12
13:08:45.000-13:08:50.000,88,312,36,4
13:08:55.000-13:09:00.000,88,319,34,2
13:09:20.000-13:09:25.000,87,311,38,5
13:09:40.000-13:09:45.000,73,317,40,2
13:10:00.000-13:10:05.000,81,320,40,6
13:10:05.000-13:10:10.000,83,300,51,5
13:10:25.000-13:10:30.000,76,315,34,4
13:10:45.000-13:10:50.000,99,298,45,5
13:11:00.000-13:11:05.000,81,303,46,8
13:11:05.000-13:11:10.000,88,293,49,6
13:11:20.000-13:11:25.000,81,307,32,7
13:11:25.000-13:11:30.000,81,282,49,4
13:11:45.000-13:11:50.000,69,319,47,1
13:12:00.000-13:12:05.000,77,312,44,2
13:12:05.000-13:12:10.000,73,312,50,6
13:12:20.000-13:12:25.000,82,308,49,2
13:12:25.000-13:12:30.000,92,297,42,10
13:12:45.000-13:12:50.000,92,313,40,7
13:13:00.000-13:13:05.000,83,289,53,5
13:13:05.000-13:13:10.000,78,295,50,4
13:13:20.000-13:13:25.000,77,325,44,3
13:13:25.000-13:13:30.000,86,324,33,5
13:13:45.000-13:13:50.000,86,323,36,6
13:14:00.000-13:14:05.000,82,310,55,3
13:14:05.000-13:14:10.000,86,310,49,2
13:14:20.000-13:14:25.000,84,309,41,0
13:14:25.000-13:14:30.000,78,314,43,3
13:14:40.000-13:14:45.000,82,298,50,2
13:14:45.000-13:14:50.000,68,285,46,5
13:14:55.000-13:15:00.000,88,296,48,7
13:15:00.000-13:15:05.000,85,301,38,2
13:15:05.000-13:15:10.000,74,290,42,6
13:15:20.000-13:15:25.000,84,278,54,7
13:15:25.000-13:15:30.000,76,306,46,1
13:15:40.000-13:15:45.000,88,262,53,2
13:15:45.000-13:15:50.000,86,278,34,2
13:15:55.000-13:16:00.000,88,290,47,5
13:16:00.000-13:16:05.000,78,310,39,3
13:16:20.000-13:16:25.000,84,291,28,4
13:16:25.000-13:16:30.000,78,296,39,4
13:16:40.000-13:16:45.000,77,297,36,4
13:16:45.000-13:16:50.000,89,284,41,4
13:16:55.000-13:17:00.000,76,293,35,1
13:17:00.000-13:17:05.000,65,308,48,3
13:17:20.000-13:17:25.000,82,291,41,3
13:17:25.000-13:17:30.000,82,273,58,5
13:17:40.000-13:17:45.000,81,301,45,7
13:17:45.000-13:17:50.000,80,295,45,1
13:17:55.000-13:18:00.000,81,288,43,5
13:18:00.000-13:18:05.000,73,303,46,5
13:18:20.000-13:18:25.000,80,289,41,4
13:18:25.000-13:18:30.000,90,277,41,7
13:18:40.000-13:18:45.000,54,329,47,2
13:18:45.000-13:18:50.000,86,304,44,3
13:18:55.000-13:19:00.000,86,289,33,5
13:19:20.000-13:19:25.000,83,307,50,6
13:19:40.000-13:19:45.000,89,308,33,6
13:19:45.000-13:19:50.000,82,312,48,1
13:20:05.000-13:20:10.000,77,321,44,6
13:20:25.000-13:20:30.000,85,294,58,7
13:20:50.000-13:20:55.000,71,345,38,4
13:21:00.000-13:21:05.000,83,321,43,6
13:21:05.000-13:21:10.000,86,310,50,4
13:21:25.000-13:21:30.000,83,311,46,7
13:21:50.000-13:21:55.000,74,308,51,2
13:22:00.000-13:22:05.000,83,311,53,3
13:22:05.000-13:22:10.000,79,330,45,2
13:22:25.000-13:22:30.000,91,299,36,4
13:22:45.000-13:22:50.000,89,318,39,5
13:23:00.000-13:23:05.000,80,306,53,2
13:23:05.000-13:23:10.000,84,300,49,7
13:23:20.000-13:23:25.000,86,295,58,4
13:23:25.000-13:23:30.000,78,316,37,2
13:23:45.000-13:23:50.000,92,330,27,2
13:24:00.000-13:24:05.000,74,322,43,3
13:24:05.000-13:24:10.000,74,315,50,5
13:24:20.000-13:24:25.000,94,293,48,7
13:24:25.000-13:24:30.000,72,308,52,3
13:24:45.000-13:24:50.000,76,329,38,0
13:25:00.000-13:25:05.000,86,318,29,4
13:25:05.000-13:25:10.000,97,292,54,1
13:25:20.000-13:25:25.000,88,293,45,5
13:25:25.000-13:25:30.000,81,309,35,3
13:25:45.000-13:25:50.000,75,292,52,6
13:26:00.000-13:26:05.000,87,300,49,6
13:26:05.000-13:26:10.000,85,293,56,4
13:26:20.000-13:26:25.000,87,307,39,2
13:26:25.000-13:26:30.000,83,318,47,3
13:26:40.000-13:26:45.000,90,304,45,6
13:26:45.000-13:26:50.000,95,290,53,4
13:26:55.000-13:27:00.000,86,303,42,4
13:27:00.000-13:27:05.000,93,309,32,4
13:27:05.000-13:27:10.000,84,311,42,3
13:27:20.000-13:27:25.000,86,306,52,6
13:27:25.000-13:27:30.000,91,306,46,5
13:27:40.000-13:27:45.000,99,295,44,4
13:27:45.000-13:27:50.000,92,305,44,2
13:27:55.000-13:28:00.000,87,305,40,6
13:28:00.000-13:28:05.000,95,309,38,1
13:28:20.000-13:28:25.000,80,293,47,4
13:28:25.000-13:28:30.000,81,298,45,3
13:28:40.000-13:28:45.000,99,299,46,6
13:28:45.000-13:28:50.000,92,308,40,6
13:28:55.000-13:29:00.000,88,317,41,2
13:29:00.000-13:29:05.000,76,312,37,3
13:29:20.000-13:29:25.000,79,316,49,5
13:29:25.000-13:29:30.000,82,304,51,7
13:29:40.000-13:29:45.000,94,309,41,5
13:29:45.000-13:29:50.000,84,311,45,5
13:30:05.000-13:30:10.000,79,301,45,5
13:30:30.000-13:30:35.000,86,293,55,2
13:30:50.000-13:30:55.000,94,305,40,7
13:31:05.000-13:31:10.000,79,315,42,6
13:31:50.000-13:31:55.000,71,339,36,5
13:32:05.000-13:32:10.000,84,330,28,7
13:32:25.000-13:32:30.000,71,322,39,3
13:32:50.000-13:32:55.000,98,297,42,3
13:33:00.000-13:33:05.000,81,305,57,6
13:33:05.000-13:33:10.000,90,309,39,5
13:33:25.000-13:33:30.000,79,299,51,6
13:33:50.000-13:33:55.000,86,299,54,3
13:34:00.000-13:34:05.000,75,326,42,1
13:34:05.000-13:34:10.000,84,308,49,3
13:34:25.000-13:34:30.000,90,298,37,5
13:35:00.000-13:35:05.000,82,327,44,9
13:35:05.000-13:35:10.000,85,302,44,3
13:35:25.000-13:35:30.000,94,314,38,3
13:35:45.000-13:35:50.000,86,320,41,3
13:36:00.000-13:36:05.000,82,312,43,3
13:36:05.000-13:36:10.000,79,304,47,5
13:36:20.000-13:36:25.000,83,327,32,2
13:36:25.000-13:36:30.000,80,323,38,8
13:36:45.000-13:36:50.000,74,315,44,2
13:37:00.000-13:37:05.000,101,299,43,2
13:37:05.000-13:37:10.000,85,316,38,4
13:37:20.000-13:37:25.000,73,327,42,6
13:37:25.000-13:37:30.000,86,313,46,6
13:37:45.000-13:37:50.000,92,299,53,10
13:38:00.000-13:38:05.000,95,306,52,6
13:38:05.000-13:38:10.000,75,330,33,9
13:38:20.000-13:38:25.000,83,283,47,6
13:38:25.000-13:38:30.000,76,297,49,5
13:38:40.000-13:38:45.000,72,301,43,3
13:38:45.000-13:38:50.000,79,289,48,5
13:39:00.000-13:39:05.000,86,299,42,4
13:39:05.000-13:39:10.000,92,299,34,3
13:39:20.000-13:39:25.000,75,304,49,7
13:39:25.000-13:39:30.000,84,306,43,3
13:39:40.000-13:39:45.000,94,312,40,2
13:39:45.000-13:39:50.000,81,317,41,7
13:40:10.000-13:40:15.000,93,314,43,5
13:40:30.000-13:40:35.000,81,301,48,7
13:40:50.000-13:40:55.000,87,315,51,5
13:41:30.000-13:41:35.000,89,293,44,7
13:41:50.000-13:41:55.000,85,290,53,4
13:42:05.000-13:42:10.000,74,300,38,5
13:42:30.000-13:42:35.000,88,308,43,5
13:42:50.000-13:42:55.000,80,308,48,6
13:43:05.000-13:43:10.000,81,306,45,2
13:43:30.000-13:43:35.000,85,321,26,5
13:43:50.000-13:43:55.000,72,303,47,6
13:44:05.000-13:44:10.000,90,308,39,2
13:44:25.000-13:44:30.000,85,284,39,5
13:44:50.000-13:44:55.000,90,281,46,11
13:45:00.000-13:45:05.000,91,277,39,4
13:45:05.000-13:45:10.000,79,280,37,4
13:45:25.000-13:45:30.000,69,291,43,2
13:45:50.000-13:45:55.000,67,328,50,10
13:46:00.000-13:46:05.000,75,320,44,9
13:46:05.000-13:46:10.000,82,315,45,2
13:46:25.000-13:46:30.000,88,314,40,3
13:47:00.000-13:47:05.000,71,308,66,3
13:47:05.000-13:47:10.000,77,313,46,2
13:47:25.000-13:47:30.000,90,308,46,1
13:47:45.000-13:47:50.000,83,310,53,1
13:48:00.000-13:48:05.000,79,306,50,7
13:48:05.000-13:48:10.000,103,303,42,4
13:48:20.000-13:48:25.000,82,307,42,5
13:48:25.000-13:48:30.000,90,307,37,6
13:48:45.000-13:48:50.000,82,312,40,5
13:49:00.000-13:49:05.000,79,317,39,5
13:49:05.000-13:49:10.000,87,296,46,8
13:49:20.000-13:49:25.000,70,295,38,5
13:49:25.000-13:49:30.000,85,301,35,5
13:49:45.000-13:49:50.000,69,298,40,6
13:49:55.000-13:50:00.000,60,249,29,2
13:50:10.000-13:50:15.000,82,308,53,6
13:50:30.000-13:50:35.000,90,310,42,4
13:50:35.000-13:50:40.000,79,313,41,1
13:50:50.000-13:50:55.000,94,279,61,5
13:51:10.000-13:51:15.000,74,302,48,5
13:51:30.000-13:51:35.000,81,307,50,5
13:51:35.000-13:51:40.000,86,307,41,4
13:51:50.000-13:51:55.000,75,310,45,5
13:52:10.000-13:52:15.000,80,310,50,4
13:52:30.000-13:52:35.000,82,318,32,7
13:52:35.000-13:52:40.000,97,290,53,2
13:52:50.000-13:52:55.000,74,313,48,4
13:53:30.000-13:53:35.000,67,304,41,4
13:53:50.000-13:53:55.000,84,306,41,7
13:54:05.000-13:54:10.000,87,314,33,7
13:54:30.000-13:54:35.000,72,315,41,8
13:54:50.000-13:54:55.000,82,307,52,4
13:55:05.000-13:55:10.000,97,300,41,3
13:55:30.000-13:55:35.000,95,297,44,4
13:55:50.000-13:55:55.000,82,304,45,4
13:56:05.000-13:56:10.000,75,318,46,5
13:56:50.000-13:56:55.000,54,337,50,3
13:57:05.000-13:57:10.000,96,304,47,3
13:57:25.000-13:57:30.000,86,297,38,8
13:57:50.000-13:57:55.000,91,297,39,5
13:58:00.000-13:58:05.000,88,311,39,5
13:58:05.000-13:58:10.000,75,332,41,7
13:58:25.000-13:58:30.000,75,312,35,1
13:58:50.000-13:58:55.000,77,295,52,2
13:59:00.000-13:59:05.000,85,294,37,2
13:59:05.000-13:59:10.000,73,307,48,2
13:59:25.000-13:59:30.000,66,267,32,2
13:59:45.000-13:59:50.000,87,311,42,5
13:59:55.000-14:00:00.000,80,308,39,6
14:00:00.000-14:00:05.000,85,307,40,2
14:00:05.000-14:00:10.000,76,288,45,8
14:00:20.000-14:00:25.000,80,323,43,2
14:00:25.000-14:00:30.000,98,290,45,5
14:00:45.000-14:00:50.000,91,314,40,3
14:01:00.000-14:01:05.000,82,310,42,7
14:01:05.000-14:01:10.000,80,320,31,8
14:01:20.000-14:01:25.000,79,326,38,1
14:01:25.000-14:01:30.000,88,308,46,4
14:01:45.000-14:01:50.000,68,327,42,5
14:02:00.000-14:02:05.000,80,315,42,5
14:02:05.000-14:02:10.000,80,305,51,5
14:02:20.000-14:02:25.000,85,308,45,5
14:02:25.000-14:02:30.000,98,295,51,1
14:02:45.000-14:02:50.000,86,323,32,2
14:03:00.000-14:03:05.000,107,287,42,4
14:03:05.000-14:03:10.000,82,317,45,5
14:03:20.000-14:03:25.000,93,297,45,7
14:03:25.000-14:03:30.000,94,311,41,2
14:03:40.000-14:03:45.000,92,308,35,6
14:03:45.000-14:03:50.000,64,333,34,6
14:03:55.000-14:04:00.000,64,320,48,5
14:04:00.000-14:04:05.000,91,319,38,2
14:04:05.000-14:04:10.000,77,330,45,2
14:04:20.000-14:04:25.000,72,305,47,6
14:04:25.000-14:04:30.000,79,314,37,5
14:04:40.000-14:04:45.000,74,321,47,3
14:04:45.000-14:04:50.000,79,328,41,4
14:04:55.000-14:05:00.000,89,292,43,9
14:05:00.000-14:05:05.000,79,314,37,5
14:05:20.000-14:05:25.000,77,293,50,2
14:05:25.000-14:05:30.000,85,306,32,4
14:05:40.000-14:05:45.000,79,287,45,4
14:05:45.000-14:05:50.000,78,316,43,3
14:05:55.000-14:06:00.000,96,310,38,6
14:06:00.000-14:06:05.000,72,307,52,5
14:06:20.000-14:06:25.000,77,320,49,5
14:06:25.000-14:06:30.000,97,285,63,4
14:06:40.000-14:06:45.000,77,319,44,5
14:06:45.000-14:06:50.000,74,325,47,3
14:06:55.000-14:07:00.000,90,320,28,1
14:07:00.000-14:07:05.000,89,304,44,4
14:07:20.000-14:07:25.000,72,324,45,3
14:07:25.000-14:07:30.000,81,300,48,4
14:07:40.000-14:07:45.000,91,321,39,4
14:07:45.000-14:07:50.000,82,312,49,5
14:07:55.000-14:08:00.000,90,325,38,5
14:08:00.000-14:08:05.000,77,314,44,6
14:08:20.000-14:08:25.000,90,303,39,1
14:08:40.000-14:08:45.000,93,309,41,3
14:08:45.000-14:08:50.000,70,327,41,4
14:08:55.000-14:09:00.000,89,287,58,7
14:09:20.000-14:09:25.000,90,308,36,7
14:09:40.000-14:09:45.000,85,327,38,4
14:09:45.000-14:09:50.000,94,277,44,6
14:10:00.000-14:10:05.000,83,294,58,2
14:10:05.000-14:10:10.000,80,322,46,3
14:10:25.000-14:10:30.000,91,299,38,3
14:10:50.000-14:10:55.000,98,300,47,2
14:11:00.000-14:11:05.000,73,309,52,11
14:11:05.000-14:11:10.000,83,302,48,6
14:11:25.000-14:11:30.000,81,313,38,8
14:12:00.000-14:12:05.000,86,309,38,6
14:12:05.000-14:12:10.000,82,312,32,7
14:12:20.000-14:12:25.000,82,310,50,5
14:12:25.000-14:12:30.000,81,308,50,5
14:12:45.000-14:12:50.000,109,287,38,3
14:13:00.000-14:13:05.000,99,280,37,2
14:13:05.000-14:13:10.000,84,283,36,4
14:13:20.000-14:13:25.000,79,294,53,10
14:13:25.000-14:13:30.000,88,301,32,8
14:13:45.000-14:13:50.000,99,293,42,3
14:14:00.000-14:14:05.000,89,302,47,2
14:14:05.000-14:14:10.000,80,295,44,1
14:14:20.000-14:14:25.000,83,288,37,3
14:14:25.000-14:14:30.000,86,306,36,3
14:14:45.000-14:14:50.000,82,272,48,2
14:15:00.000-14:15:05.000,81,311,37,3
14:15:05.000-14:15:10.000,78,319,36,3
14:15:20.000-14:15:25.000,71,295,38,2
14:15:25.000-14:15:30.000,75,280,53,3
14:15:40.000-14:15:45.000,75,297,51,9
14:15:45.000-14:15:50.000,80,282,45,2
14:16:00.000-14:16:05.000,74,288,45,2
14:16:05.000-14:16:10.000,78,295,44,4
14:16:20.000-14:16:25.000,71,277,51,5
14:16:25.000-14:16:30.000,72,284,43,7
14:16:40.000-14:16:45.000,103,286,43,5
14:16:45.000-14:16:50.000,101,302,32,4
14:16:55.000-14:17:00.000,92,268,46,5
14:17:00.000-14:17:05.000,77,302,43,2
14:17:20.000-14:17:25.000,80,306,39,4
14:17:25.000-14:17:30.000,76,291,39,4
14:17:40.000-14:17:45.000,84,285,38,1
14:17:45.000-14:17:50.000,85,287,50,1
14:17:55.000-14:18:00.000,97,287,47,4
14:18:00.000-14:18:05.000,70,296,45,2
14:18:20.000-14:18:25.000,93,296,43,5
14:18:25.000-14:18:30.000,79,289,62,4
14:18:40.000-14:18:45.000,80,286,43,4
14:18:45.000-14:18:50.000,77,284,43,4
14:18:55.000-14:19:00.000,82,297,49,2
14:19:00.000-14:19:05.000,77,302,46,1
14:19:20.000-14:19:25.000,77,283,43,9
14:19:25.000-14:19:30.000,82,312,45,1
14:19:40.000-14:19:45.000,73,302,44,4
14:19:45.000-14:19:50.000,90,285,55,4
14:20:05.000-14:20:10.000,81,311,33,5
14:20:50.000-14:20:55.000,73,293,42,3
14:21:05.000-14:21:10.000,77,309,40,4
14:21:25.000-14:21:30.000,80,275,46,4
14:21:50.000-14:21:55.000,70,309,36,2
14:22:00.000-14:22:05.000,91,264,42,4
14:22:05.000-14:22:10.000,75,278,46,2
14:22:25.000-14:22:30.000,81,290,33,4
14:22:50.000-14:22:55.000,77,317,35,4
14:23:00.000-14:23:05.000,64,319,38,1
14:23:05.000-14:23:10.000,69,297,45,4
15:11:05.000-15:11:10.000,46,128,15,0
15:11:25.000-15:11:30.000,77,325,48,5
15:11:50.000-15:11:55.000,85,314,44,3
15:12:00.000-15:12:05.000,84,310,44,6
15:12:05.000-15:12:10.000,78,307,48,5
15:12:25.000-15:12:30.000,76,312,50,5
15:13:00.000-15:13:05.000,67,326,43,4
15:13:05.000-15:13:10.000,81,308,49,2
15:13:25.000-15:13:30.000,80,338,34,7
15:13:45.000-15:13:50.000,83,301,39,5
15:14:00.000-15:14:05.000,87,293,40,4
15:14:05.000-15:14:10.000,71,315,44,4
15:14:20.000-15:14:25.000,94,300,48,4
15:14:25.000-15:14:30.000,87,296,30,4
15:14:45.000-15:14:50.000,80,304,46,4
15:15:00.000-15:15:05.000,86,277,43,3
15:15:05.000-15:15:10.000,72,317,35,1
15:15:20.000-15:15:25.000,75,336,29,6
15:15:25.000-15:15:30.000,81,319,42,5
15:15:45.000-15:15:50.000,62,302,60,5
15:16:00.000-15:16:05.000,85,302,37,4
15:16:05.000-15:16:10.000,79,307,43,5
15:16:20.000-15:16:25.000,98,294,47,4
15:16:25.000-15:16:30.000,90,319,42,2
15:16:45.000-15:16:50.000,89,301,45,4
15:17:00.000-15:17:05.000,86,301,44,5
15:17:05.000-15:17:10.000,99,287,52,9
15:17:20.000-15:17:25.000,86,315,45,3
15:17:25.000-15:17:30.000,76,331,44,2
15:17:40.000-15:17:45.000,86,303,39,7
15:17:45.000-15:17:50.000,80,295,49,8
15:17:55.000-15:18:00.000,84,302,53,8
15:18:00.000-15:18:05.000,84,312,40,5
15:18:05.000-15:18:10.000,94,301,40,4
15:18:20.000-15:18:25.000,92,315,34,6
15:18:25.000-15:18:30.000,82,316,42,9
15:18:40.000-15:18:45.000,78,308,43,2
15:18:45.000-15:18:50.000,81,286,53,7
15:18:55.000-15:19:00.000,91,308,44,3
15:19:00.000-15:19:05.000,99,307,43,3
15:19:20.000-15:19:25.000,85,310,47,4
15:19:25.000-15:19:30.000,73,321,54,3
15:19:40.000-15:19:45.000,88,303,46,4
15:19:45.000-15:19:50.000,88,308,41,5
15:20:05.000-15:20:10.000,77,324,40,7
15:20:30.000-15:20:35.000,73,307,40,5
15:20:50.000-15:20:55.000,81,286,42,10
15:21:05.000-15:21:10.000,70,316,47,2
15:21:30.000-15:21:35.000,83,276,44,2
15:21:50.000-15:21:55.000,80,299,44,3
15:22:05.000-15:22:10.000,79,280,46,5
15:22:50.000-15:22:55.000,89,293,49,4
15:23:05.000-15:23:10.000,89,279,38,5
15:23:25.000-15:23:30.000,87,303,41,8
15:23:50.000-15:23:55.000,83,282,39,4
15:24:00.000-15:24:05.000,88,307,36,4
15:24:05.000-15:24:10.000,90,310,37,5
15:24:25.000-15:24:30.000,81,285,48,2
15:24:50.000-15:24:55.000,80,291,38,5
15:25:00.000-15:25:05.000,76,296,54,5
15:25:05.000-15:25:10.000,76,312,41,5
15:25:25.000-15:25:30.000,84,302,48,1
15:25:45.000-15:25:50.000,88,295,36,6
15:26:00.000-15:26:05.000,41,213,25,3
15:26:05.000-15:26:10.000,101,303,43,3
15:26:20.000-15:26:25.000,71,310,48,2
15:26:25.000-15:26:30.000,80,311,36,5
15:26:45.000-15:26:50.000,70,302,45,6
15:27:00.000-15:27:05.000,86,303,44,3
15:27:05.000-15:27:10.000,82,306,43,2
15:27:20.000-15:27:25.000,88,299,39,4
15:27:25.000-15:27:30.000,84,302,46,2
15:27:45.000-15:27:50.000,73,308,36,9
15:28:00.000-15:28:05.000,88,310,31,2
15:28:05.000-15:28:10.000,67,307,44,5
15:28:20.000-15:28:25.000,84,314,33,3
15:28:25.000-15:28:30.000,100,280,43,3
15:28:45.000-15:28:50.000,84,294,46,5
15:29:00.000-15:29:05.000,71,322,36,3
15:29:05.000-15:29:10.000,81,295,48,2
15:29:20.000-15:29:25.000,88,297,34,3
15:29:25.000-15:29:30.000,87,285,46,5
15:29:40.000-15:29:45.000,81,290,49,8
15:29:45.000-15:29:50.000,83,277,44,7
15:29:55.000-15:30:00.000,73,274,51,3
15:30:10.000-15:30:15.000,81,305,39,4
15:30:30.000-15:30:35.000,77,274,46,6
15:30:35.000-15:30:40.000,77,292,49,5
15:30:50.000-15:30:55.000,68,311,29,5
15:31:10.000-15:31:15.000,84,300,37,2
15:31:30.000-15:31:35.000,80,286,55,5
15:31:50.000-15:31:55.000,91,293,41,3
15:32:05.000-15:32:10.000,82,298,33,1
15:32:30.000-15:32:35.000,85,302,32,4
15:32:50.000-15:32:55.000,79,305,45,5
15:33:05.000-15:33:10.000,79,280,42,3
15:33:30.000-15:33:35.000,95,293,43,4
15:33:50.000-15:33:55.000,87,309,48,5
15:34:05.000-15:34:10.000,79,306,41,6
15:34:50.000-15:34:55.000,73,298,41,5
15:35:05.000-15:35:10.000,94,289,37,3
15:35:25.000-15:35:30.000,84,298,45,7
15:35:50.000-15:35:55.000,76,298,47,2
15:36:00.000-15:36:05.000,91,275,40,9
15:36:05.000-15:36:10.000,74,312,47,3
15:36:25.000-15:36:30.000,67,332,44,0
15:36:50.000-15:36:55.000,87,301,49,2
15:37:00.000-15:37:05.000,79,330,36,4
15:37:05.000-15:37:10.000,71,338,52,1
15:37:25.000-15:37:30.000,84,306,50,7
15:38:00.000-15:38:05.000,80,320,47,8
15:38:05.000-15:38:10.000,84,309,39,3
15:38:25.000-15:38:30.000,83,315,43,8
15:38:45.000-15:38:50.000,74,323,33,4
15:39:00.000-15:39:05.000,79,317,40,3
15:39:05.000-15:39:10.000,101,287,38,5
15:39:20.000-15:39:25.000,83,319,45,6
15:39:25.000-15:39:30.000,100,298,44,4
15:39:45.000-15:39:50.000,78,307,49,3
15:39:55.000-15:40:00.000,81,326,31,6
15:40:10.000-15:40:15.000,64,322,42,5
15:40:30.000-15:40:35.000,93,310,33,5
15:40:35.000-15:40:40.000,87,298,46,3
15:40:50.000-15:40:55.000,80,252,52,1
15:41:10.000-15:41:15.000,79,300,30,3
15:41:30.000-15:41:35.000,74,299,47,4
15:41:35.000-15:41:40.000,72,316,40,4
15:41:50.000-15:41:55.000,72,324,49,5
15:42:10.000-15:42:15.000,91,299,47,3
15:42:30.000-15:42:35.000,92,307,37,3
15:42:35.000-15:42:40.000,91,301,48,3
15:42:50.000-15:42:55.000,71,313,44,7
15:43:10.000-15:43:15.000,73,308,55,5
15:43:30.000-15:43:35.000,91,318,31,3
15:43:50.000-15:43:55.000,90,316,36,3
15:44:30.000-15:44:35.000,96,296,49,4
15:44:50.000-15:44:55.000,89,308,45,3
15:45:05.000-15:45:10.000,94,313,39,5
15:45:30.000-15:45:35.000,79,319,38,5
15:45:50.000-15:45:55.000,86,315,42,5
15:46:05.000-15:46:10.000,84,310,44,3
15:46:30.000-15:46:35.000,83,328,42,2
15:46:50.000-15:46:55.000,84,307,48,4
15:47:05.000-15:47:10.000,76,315,46,10
15:47:25.000-15:47:30.000,88,291,52,5
15:47:50.000-15:47:55.000,90,294,44,8
15:48:00.000-15:48:05.000,77,308,51,3
15:48:05.000-15:48:10.000,71,316,54,2
15:48:25.000-15:48:30.000,72,309,42,7
15:48:50.000-15:48:55.000,79,305,39,10
15:49:00.000-15:49:05.000,80,321,48,2
15:49:05.000-15:49:10.000,92,307,36,4
15:49:25.000-15:49:30.000,76,324,41,6
15:49:55.000-15:50:00.000,75,305,46,1
15:50:10.000-15:50:15.000,64,320,49,2
15:50:15.000-15:50:20.000,86,301,45,7
15:50:30.000-15:50:35.000,80,303,38,5
15:50:35.000-15:50:40.000,82,296,45,7
15:50:50.000-15:50:55.000,80,304,42,5
15:51:10.000-15:51:15.000,74,324,32,4
15:51:15.000-15:51:20.000,81,321,39,3
15:51:30.000-15:51:35.000,86,303,52,2
15:51:35.000-15:51:40.000,81,311,45,3
15:51:50.000-15:51:55.000,83,329,40,2
15:52:10.000-15:52:15.000,84,308,43,3
15:52:15.000-15:52:20.000,88,309,47,6
15:52:30.000-15:52:35.000,78,307,48,3
15:52:35.000-15:52:40.000,100,286,43,4
15:52:50.000-15:52:55.000,80,327,39,3
15:53:10.000-15:53:15.000,80,304,51,2
15:53:30.000-15:53:35.000,81,330,34,2
15:53:35.000-15:53:40.000,89,295,45,4
15:53:50.000-15:53:55.000,87,317,39,5
15:54:10.000-15:54:15.000,84,302,46,1
15:54:30.000-15:54:35.000,94,318,36,4
15:54:35.000-15:54:40.000,89,322,26,3
15:54:50.000-15:54:55.000,79,325,37,5
15:55:10.000-15:55:15.000,92,291,47,4
15:55:30.000-15:55:35.000,82,315,44,4
15:55:50.000-15:55:55.000,76,315,51,3
15:56:30.000-15:56:35.000,75,308,42,7
15:56:50.000-15:56:55.000,92,306,36,4
15:57:05.000-15:57:10.000,81,316,38,6
15:57:30.000-15:57:35.000,73,310,50,4
15:57:50.000-15:57:55.000,93,303,43,0
15:58:05.000-15:58:10.000,83,322,43,3
15:58:30.000-15:58:35.000,86,304,44,2
15:58:50.000-15:58:55.000,43,151,18,2
16:07:20.000-16:07:25.000,68,244,21,2
16:07:25.000-16:07:30.000,78,306,43,7
16:07:40.000-16:07:45.000,78,321,29,4
16:07:45.000-16:07:50.000,94,283,65,2
16:07:55.000-16:08:00.000,85,302,46,5
16:08:00.000-16:08:05.000,78,295,57,3
16:08:20.000-16:08:25.000,83,306,50,3
16:08:25.000-16:08:30.000,78,315,45,3
16:08:40.000-16:08:45.000,82,310,49,7
16:08:45.000-16:08:50.000,89,293,47,6
16:08:55.000-16:09:00.000,81,327,43,6
16:09:00.000-16:09:05.000,80,319,47,2
16:09:20.000-16:09:25.000,86,314,46,2
16:09:25.000-16:09:30.000,81,326,38,11
16:09:40.000-16:09:45.000,73,309,48,4
16:09:45.000-16:09:50.000,93,299,52,3
16:10:05.000-16:10:10.000,84,305,46,7
16:10:30.000-16:10:35.000,92,310,45,8
16:10:50.000-16:10:55.000,69,320,47,3
16:11:05.000-16:11:10.000,74,308,45,0
16:11:50.000-16:11:55.000,76,332,42,3
16:12:05.000-16:12:10.000,82,331,36,5
16:12:25.000-16:12:30.000,84,294,47,1
16:12:50.000-16:12:55.000,100,311,34,2
16:13:00.000-16:13:05.000,90,295,43,6
16:13:05.000-16:13:10.000,79,297,50,3
16:13:25.000-16:13:30.000,85,305,43,7
16:13:50.000-16:13:55.000,84,286,54,5
16:14:00.000-16:14:05.000,88,304,42,5
16:14:05.000-16:14:10.000,78,295,60,8
16:14:25.000-16:14:30.000,82,326,33,3
16:15:00.000-16:15:05.000,85,314,34,2
16:15:05.000-16:15:10.000,85,308,41,4
16:15:20.000-16:15:25.000,88,331,38,2
16:15:25.000-16:15:30.000,80,310,46,2
16:15:45.000-16:15:50.000,85,303,44,1
16:16:00.000-16:16:05.000,89,313,41,3
16:16:05.000-16:16:10.000,79,300,47,6
16:16:20.000-16:16:25.000,81,296,51,0
16:16:25.000-16:16:30.000,76,300,55,4
16:16:45.000-16:16:50.000,77,310,42,7
16:17:00.000-16:17:05.000,81,302,52,2
16:17:05.000-16:17:10.000,81,297,53,8
16:17:20.000-16:17:25.000,81,310,46,4
16:17:25.000-16:17:30.000,68,325,36,4
16:17:45.000-16:17:50.000,90,296,50,3
16:18:00.000-16:18:05.000,102,303,36,3
16:18:05.000-16:18:10.000,73,303,54,7
16:18:20.000-16:18:25.000,89,288,40,8
16:18:25.000-16:18:30.000,82,304,36,6
16:18:40.000-16:18:45.000,84,319,38,5
16:18:45.000-16:18:50.000,83,302,58,5
16:18:55.000-16:19:00.000,81,310,47,7
16:19:00.000-16:19:05.000,91,306,42,4
16:19:05.000-16:19:10.000,91,299,47,7
16:19:20.000-16:19:25.000,82,307,43,5
16:19:25.000-16:19:30.000,71,313,46,1
16:19:40.000-16:19:45.000,76,316,43,7
16:19:45.000-16:19:50.000,79,331,36,6
16:20:10.000-16:20:15.000,83,313,45,4
16:20:30.000-16:20:35.000,88,315,44,4
16:20:50.000-16:20:55.000,80,298,63,6
16:21:30.000-16:21:35.000,87,307,46,5
16:21:50.000-16:21:55.000,67,313,53,6
16:22:05.000-16:22:10.000,68,316,55,3
16:22:30.000-16:22:35.000,80,314,38,5
16:22:50.000-16:22:55.000,78,310,40,4
16:23:05.000-16:23:10.000,66,306,40,4
16:23:50.000-16:23:55.000,69,318,42,3
16:24:05.000-16:24:10.000,79,321,40,4
16:24:25.000-16:24:30.000,82,308,37,4
16:24:50.000-16:24:55.000,87,292,58,5
16:25:00.000-16:25:05.000,84,315,47,4
16:25:05.000-16:25:10.000,82,308,45,1
16:25:25.000-16:25:30.000,85,310,41,3
16:25:50.000-16:25:55.000,91,307,40,3
16:26:00.000-16:26:05.000,90,305,42,5
16:26:05.000-16:26:10.000,79,315,43,5
16:26:25.000-16:26:30.000,81,319,31,2
16:27:00.000-16:27:05.000,78,328,32,2
16:27:05.000-16:27:10.000,79,304,48,2
16:27:25.000-16:27:30.000,66,319,46,1
16:27:45.000-16:27:50.000,95,300,41,5
16:28:00.000-16:28:05.000,79,324,41,4
16:28:05.000-16:28:10.000,78,319,50,4
16:28:20.000-16:28:25.000,83,316,51,2
16:28:25.000-16:28:30.000,68,327,35,4
16:28:45.000-16:28:50.000,77,318,49,4
16:29:00.000-16:29:05.000,80,295,49,3
16:29:05.000-16:29:10.000,84,304,37,4
16:29:20.000-16:29:25.000,83,301,40,6
16:29:25.000-16:29:30.000,68,304,39,6
16:29:45.000-16:29:50.000,78,275,49,11
16:29:55.000-16:30:00.000,83,297,49,6
16:30:10.000-16:30:15.000,71,304,34,1
16:30:30.000-16:30:35.000,94,294,44,1
16:30:35.000-16:30:40.000,78,291,63,4
16:30:50.000-16:30:55.000,80,279,47,1
16:31:10.000-16:31:15.000,82,283,42,7
16:31:30.000-16:31:35.000,86,292,50,7
16:31:35.000-16:31:40.000,74,298,51,4
16:31:50.000-16:31:55.000,81,278,42,6
16:32:10.000-16:32:15.000,77,312,34,2
16:32:30.000-16:32:35.000,82,302,33,7
16:32:50.000-16:32:55.000,90,293,45,3
16:33:30.000-16:33:35.000,77,269,38,6
16:33:50.000-16:33:55.000,70,308,39,3
16:34:05.000-16:34:10.000,77,283,39,5
16:34:30.000-16:34:35.000,81,266,44,1
16:34:50.000-16:34:55.000,92,309,33,9
16:35:05.000-16:35:10.000,87,282,43,8
16:35:30.000-16:35:35.000,79,292,34,4
16:35:50.000-16:35:55.000,76,295,52,4
16:36:05.000-16:36:10.000,87,264,32,5
16:36:50.000-16:36:55.000,90,276,37,4
16:37:00.000-16:37:05.000,75,302,44,2
16:37:05.000-16:37:10.000,80,284,54,5
16:37:25.000-16:37:30.000,87,285,38,2
16:37:50.000-16:37:55.000,73,285,38,7
16:38:00.000-16:38:05.000,66,310,38,6
16:38:05.000-16:38:10.000,89,295,46,3
16:38:25.000-16:38:30.000,84,261,39,4
16:39:00.000-16:39:05.000,75,294,28,8
16:39:05.000-16:39:10.000,86,293,28,12
16:39:25.000-16:39:30.000,77,288,46,0
16:39:45.000-16:39:50.000,82,318,31,2
16:39:55.000-16:40:00.000,66,287,42,8
16:40:10.000-16:40:15.000,81,286,32,3
16:40:15.000-16:40:20.000,84,292,42,8
16:40:30.000-16:40:35.000,84,270,38,7
16:40:35.000-16:40:40.000,96,265,36,1
16:40:50.000-16:40:55.000,82,304,39,5
16:41:10.000-16:41:15.000,77,274,34,3
16:41:15.000-16:41:20.000,81,260,43,5
16:41:30.000-16:41:35.000,77,294,43,7
16:41:35.000-16:41:40.000,87,275,43,2
16:41:50.000-16:41:55.000,81,284,45,10
16:42:10.000-16:42:15.000,72,291,42,3
16:42:30.000-16:42:35.000,69,309,58,4
16:42:35.000-16:42:40.000,79,312,31,3
16:42:50.000-16:42:55.000,76,284,43,4
16:43:10.000-16:43:15.000,72,296,43,1
16:43:30.000-16:43:35.000,89,281,47,3
16:43:35.000-16:43:40.000,77,305,51,3
16:43:50.000-16:43:55.000,76,284,42,4
16:44:10.000-16:44:15.000,91,305,34,6
16:44:30.000-16:44:35.000,77,281,41,2
16:44:35.000-16:44:40.000,93,303,32,7
16:56:30.000-16:56:35.000,74,287,41,5
16:56:35.000-16:56:40.000,89,275,41,3
16:56:50.000-16:56:55.000,85,275,63,4
16:57:10.000-16:57:15.000,77,268,38,7
