09:41:10.000-09:41:15.000,80,305,43,7
09:41:15.000-09:41:20.000,73,299,37,2
09:41:30.000-09:41:35.000,89,293,48,4
09:41:35.000-09:41:40.000,89,299,43,3
09:42:10.000-09:42:15.000,74,312,42,7
09:42:15.000-09:42:20.000,72,297,50,5
09:42:30.000-09:42:35.000,77,318,41,1
09:42:35.000-09:42:40.000,74,312,43,3
09:43:10.000-09:43:15.000,93,288,46,2
09:43:15.000-09:43:20.000,73,314,39,1
09:43:30.000-09:43:35.000,89,285,51,8
09:43:35.000-09:43:40.000,76,311,47,4
09:43:50.000-09:43:55.000,83,304,41,4
09:44:10.000-09:44:15.000,98,292,49,6
09:44:15.000-09:44:20.000,98,297,44,3
09:44:30.000-09:44:35.000,72,303,53,4
09:44:35.000-09:44:40.000,77,278,42,8
09:44:50.000-09:44:55.000,93,298,35,6
09:45:10.000-09:45:15.000,93,283,42,8
09:45:30.000-09:45:35.000,77,300,34,5
09:45:35.000-09:45:40.000,75,298,46,2
09:45:50.000-09:45:55.000,87,315,45,4
09:46:10.000-09:46:15.000,76,299,49,3
09:46:30.000-09:46:35.000,80,307,36,4
09:46:35.000-09:46:40.000,70,315,41,4
09:46:50.000-09:46:55.000,77,229,47,5
09:47:10.000-09:47:15.000,86,308,41,2
09:47:30.000-09:47:35.000,85,298,47,4
09:47:35.000-09:47:40.000,88,306,38,2
09:47:50.000-09:47:55.000,88,282,47,3
09:48:10.000-09:48:15.000,72,304,49,10
09:48:30.000-09:48:35.000,72,299,47,4
09:48:50.000-09:48:55.000,77,300,41,5
09:49:30.000-09:49:35.000,89,298,35,3
09:49:50.000-09:49:55.000,84,298,45,3
09:49:55.000-09:50:00.000,85,293,48,4
09:50:10.000-09:50:15.000,77,310,44,9
09:50:15.000-09:50:20.000,111,280,40,3
09:50:35.000-09:50:40.000,78,313,44,4
09:51:10.000-09:51:15.000,81,294,51,5
09:51:15.000-09:51:20.000,83,310,39,3
09:51:35.000-09:51:40.000,49,204,39,3
09:52:10.000-09:52:15.000,75,299,38,5
09:52:15.000-09:52:20.000,102,272,49,5
09:52:35.000-09:52:40.000,84,321,45,2
09:53:10.000-09:53:15.000,88,291,60,2
09:53:15.000-09:53:20.000,82,298,46,3
09:53:30.000-09:53:35.000,82,322,52,3
09:53:35.000-09:53:40.000,78,333,41,5
09:54:10.000-09:54:15.000,84,295,47,6
09:54:15.000-09:54:20.000,86,298,42,5
09:54:30.000-09:54:35.000,72,296,44,3
09:54:35.000-09:54:40.000,84,290,37,3
09:55:10.000-09:55:15.000,95,279,32,6
09:55:15.000-09:55:20.000,77,291,36,1
09:55:30.000-09:55:35.000,75,305,49,2
09:55:35.000-09:55:40.000,76,291,41,3
09:55:50.000-09:55:55.000,76,290,48,3
09:56:10.000-09:56:15.000,86,267,50,4
09:56:15.000-09:56:20.000,80,292,39,3
09:56:30.000-09:56:35.000,84,301,39,4
09:56:35.000-09:56:40.000,72,298,46,4
09:56:50.000-09:56:55.000,73,293,41,2
09:57:10.000-09:57:15.000,65,301,49,6
09:57:15.000-09:57:20.000,69,308,26,5
09:57:30.000-09:57:35.000,85,311,27,4
09:57:35.000-09:57:40.000,80,297,45,6
09:57:50.000-09:57:55.000,87,290,34,5
09:58:10.000-09:58:15.000,76,309,45,3
09:58:30.000-09:58:35.000,64,297,41,3
09:58:35.000-09:58:40.000,83,310,38,2
09:58:50.000-09:58:55.000,82,303,35,4
09:59:10.000-09:59:15.000,72,300,59,7
09:59:30.000-09:59:35.000,82,303,34,2
09:59:35.000-09:59:40.000,71,306,54,4
09:59:50.000-09:59:55.000,88,306,31,6
10:00:05.000-10:00:10.000,86,296,44,7
10:00:30.000-10:00:35.000,92,302,32,7
10:00:50.000-10:00:55.000,85,290,44,1
10:01:05.000-10:01:10.000,83,287,46,9
10:01:50.000-10:01:55.000,71,295,39,4
10:02:05.000-10:02:10.000,80,313,47,3
10:02:25.000-10:02:30.000,85,277,43,5
10:02:50.000-10:02:55.000,81,310,38,6
10:03:00.000-10:03:05.000,77,311,48,4
10:03:05.000-10:03:10.000,82,312,44,4
10:03:25.000-10:03:30.000,93,311,47,4
10:03:50.000-10:03:55.000,83,317,40,1
10:04:00.000-10:04:05.000,86,275,36,9
10:04:05.000-10:04:10.000,92,312,42,6
10:04:25.000-10:04:30.000,90,291,39,6
10:05:00.000-10:05:05.000,73,292,52,3
10:05:05.000-10:05:10.000,82,300,49,2
10:05:20.000-10:05:25.000,84,303,39,6
10:05:25.000-10:05:30.000,86,290,40,7
10:05:45.000-10:05:50.000,91,305,51,3
10:06:00.000-10:06:05.000,80,303,43,2
10:06:05.000-10:06:10.000,89,310,39,4
10:06:20.000-10:06:25.000,106,299,39,2
10:06:25.000-10:06:30.000,76,305,46,3
10:06:45.000-10:06:50.000,72,326,44,2
10:07:00.000-10:07:05.000,93,298,49,3
10:07:05.000-10:07:10.000,79,286,49,4
10:07:20.000-10:07:25.000,103,281,38,5
10:07:25.000-10:07:30.000,74,313,37,3
10:07:45.000-10:07:50.000,88,284,29,6
10:08:00.000-10:08:05.000,81,290,52,4
10:08:05.000-10:08:10.000,92,288,48,5
10:08:20.000-10:08:25.000,75,302,48,6
10:08:25.000-10:08:30.000,77,322,46,3
10:08:40.000-10:08:45.000,73,305,39,4
10:08:45.000-10:08:50.000,79,300,42,2
10:08:55.000-10:09:00.000,77,294,41,9
10:09:00.000-10:09:05.000,67,303,53,1
10:09:05.000-10:09:10.000,66,272,43,6
10:09:20.000-10:09:25.000,90,303,39,4
10:09:25.000-10:09:30.000,81,276,47,5
10:09:40.000-10:09:45.000,74,315,58,2
10:09:45.000-10:09:50.000,78,289,56,8
10:10:10.000-10:10:15.000,77,299,55,5
10:10:30.000-10:10:35.000,81,316,35,6
10:10:50.000-10:10:55.000,73,308,43,5
10:11:30.000-10:11:35.000,73,312,43,2
10:11:50.000-10:11:55.000,69,319,34,6
10:12:05.000-10:12:10.000,87,299,51,4
10:12:30.000-10:12:35.000,86,306,33,2
10:12:50.000-10:12:55.000,80,286,44,3
10:13:05.000-10:13:10.000,79,293,32,8
10:13:50.000-10:13:55.000,95,293,48,4
10:14:05.000-10:14:10.000,78,309,38,3
10:14:25.000-10:14:30.000,84,319,49,4
10:14:50.000-10:14:55.000,86,307,39,2
10:15:00.000-10:15:05.000,82,321,45,4
10:15:05.000-10:15:10.000,86,326,32,3
10:15:25.000-10:15:30.000,77,301,45,3
10:15:50.000-10:15:55.000,80,282,54,5
10:16:00.000-10:16:05.000,81,307,50,4
10:16:05.000-10:16:10.000,80,307,40,5
10:16:25.000-10:16:30.000,60,311,51,3
10:17:00.000-10:17:05.000,81,296,43,4
10:17:05.000-10:17:10.000,82,314,47,5
10:17:25.000-10:17:30.000,77,292,53,3
10:17:45.000-10:17:50.000,81,281,41,7
10:18:00.000-10:18:05.000,80,329,28,3
10:18:05.000-10:18:10.000,87,301,49,4
10:18:20.000-10:18:25.000,92,311,33,1
10:18:25.000-10:18:30.000,71,294,39,6
10:18:45.000-10:18:50.000,77,328,38,2
10:19:00.000-10:19:05.000,92,304,44,5
10:19:05.000-10:19:10.000,70,319,45,3
10:19:20.000-10:19:25.000,99,299,42,4
10:19:25.000-10:19:30.000,73,317,47,3
10:19:45.000-10:19:50.000,77,301,53,5
10:19:55.000-10:20:00.000,87,312,41,6
10:20:10.000-10:20:15.000,83,304,30,4
10:20:30.000-10:20:35.000,84,261,46,8
10:20:35.000-10:20:40.000,77,261,41,4
10:20:50.000-10:20:55.000,80,302,41,3
10:21:10.000-10:21:15.000,80,284,49,7
10:21:30.000-10:21:35.000,93,282,42,1
10:21:35.000-10:21:40.000,76,291,48,6
10:21:50.000-10:21:55.000,85,266,52,3
10:22:10.000-10:22:15.000,79,296,49,3
10:22:30.000-10:22:35.000,84,293,46,6
10:22:50.000-10:22:55.000,58,310,49,3
10:23:30.000-10:23:35.000,77,297,26,2
10:23:50.000-10:23:55.000,80,292,42,4
10:24:05.000-10:24:10.000,77,316,35,2
10:24:30.000-10:24:35.000,82,306,39,2
10:24:50.000-10:24:55.000,78,300,49,3
10:25:05.000-10:25:10.000,70,302,50,6
10:25:30.000-10:25:35.000,84,284,49,8
10:25:50.000-10:25:55.000,80,298,41,4
10:26:05.000-10:26:10.000,81,299,44,5
10:26:50.000-10:26:55.000,92,284,43,4
10:27:00.000-10:27:05.000,66,309,48,5
10:27:05.000-10:27:10.000,87,285,39,9
10:27:25.000-10:27:30.000,83,302,44,3
10:27:50.000-10:27:55.000,91,300,38,3
10:28:00.000-10:28:05.000,83,305,44,7
10:28:05.000-10:28:10.000,95,296,41,5
10:28:25.000-10:28:30.000,86,286,53,8
10:29:00.000-10:29:05.000,75,300,51,6
10:29:05.000-10:29:10.000,77,299,50,2
10:29:25.000-10:29:30.000,87,297,38,3
10:29:45.000-10:29:50.000,90,285,40,5
10:29:55.000-10:30:00.000,82,289,39,4
10:30:10.000-10:30:15.000,77,304,51,4
10:30:15.000-10:30:20.000,78,297,54,1
10:30:30.000-10:30:35.000,87,284,48,2
10:30:35.000-10:30:40.000,63,302,48,8
10:30:50.000-10:30:55.000,7,7,1,0
11:46:30.000-11:46:35.000,15,32,5,2
11:46:35.000-11:46:40.000,82,312,42,1
11:46:50.000-11:46:55.000,74,284,45,3
11:47:10.000-11:47:15.000,67,288,44,5
11:47:30.000-11:47:35.000,57,291,50,6
11:47:35.000-11:47:40.000,64,297,40,5
11:47:50.000-11:47:55.000,80,284,42,1
11:48:10.000-11:48:15.000,80,286,36,5
11:48:30.000-11:48:35.000,75,281,44,6
11:48:50.000-11:48:55.000,91,262,52,4
11:49:30.000-11:49:35.000,71,287,43,4
11:49:50.000-11:49:55.000,75,303,41,4
11:49:55.000-11:50:00.000,83,295,36,5
11:50:10.000-11:50:15.000,89,274,44,3
11:50:15.000-11:50:20.000,83,289,37,3
11:50:35.000-11:50:40.000,70,313,47,2
11:51:10.000-11:51:15.000,84,298,39,6
11:51:15.000-11:51:20.000,76,279,47,5
11:51:35.000-11:51:40.000,74,308,46,2
11:52:10.000-11:52:15.000,64,300,47,3
11:52:15.000-11:52:20.000,87,289,53,4
11:52:35.000-11:52:40.000,75,305,42,6
11:53:10.000-11:53:15.000,83,291,41,2
11:53:15.000-11:53:20.000,87,306,46,4
11:53:30.000-11:53:35.000,90,288,43,3
11:53:35.000-11:53:40.000,78,309,38,4
11:54:10.000-11:54:15.000,83,287,54,4
11:54:15.000-11:54:20.000,74,307,42,5
11:54:30.000-11:54:35.000,78,292,48,4
11:54:35.000-11:54:40.000,99,280,43,2
11:55:10.000-11:55:15.000,72,300,42,5
11:55:15.000-11:55:20.000,84,284,51,1
11:55:30.000-11:55:35.000,84,292,38,2
11:55:35.000-11:55:40.000,80,297,40,7
11:56:10.000-11:56:15.000,100,277,44,6
11:56:15.000-11:56:20.000,86,284,40,3
11:56:30.000-11:56:35.000,63,298,48,7
11:56:35.000-11:56:40.000,88,292,36,8
11:56:50.000-11:56:55.000,94,269,54,5
11:57:10.000-11:57:15.000,74,296,50,5
11:57:15.000-11:57:20.000,79,305,39,2
11:57:30.000-11:57:35.000,57,204,31,2
11:57:35.000-11:57:40.000,75,284,48,6
11:57:50.000-11:57:55.000,92,284,43,3
11:58:10.000-11:58:15.000,98,299,44,5
11:58:30.000-11:58:35.000,94,310,29,3
11:58:35.000-11:58:40.000,76,309,45,1
11:58:50.000-11:58:55.000,74,335,39,1
11:59:10.000-11:59:15.000,81,293,47,3
11:59:30.000-11:59:35.000,78,325,43,5
11:59:35.000-11:59:40.000,70,317,44,9
11:59:50.000-11:59:55.000,91,304,39,0
12:00:10.000-12:00:15.000,85,290,39,6
12:00:30.000-12:00:35.000,88,310,39,3
12:00:35.000-12:00:40.000,86,302,52,2
12:00:50.000-12:00:55.000,88,309,39,5
12:01:30.000-12:01:35.000,78,320,33,2
12:01:50.000-12:01:55.000,89,303,32,3
12:02:05.000-12:02:10.000,84,304,44,6
12:02:30.000-12:02:35.000,77,302,48,7
12:02:50.000-12:02:55.000,72,309,36,2
12:03:05.000-12:03:10.000,74,325,27,4
12:03:30.000-12:03:35.000,40,144,27,1
12:03:50.000-12:03:55.000,93,301,43,5
12:04:05.000-12:04:10.000,96,298,36,5
12:04:50.000-12:04:55.000,90,293,52,5
12:05:05.000-12:05:10.000,84,317,36,3
12:05:25.000-12:05:30.000,87,299,48,5
12:05:50.000-12:05:55.000,77,305,51,6
12:06:00.000-12:06:05.000,77,313,42,6
12:06:05.000-12:06:10.000,74,312,42,8
12:06:25.000-12:06:30.000,82,315,49,4
12:06:50.000-12:06:55.000,80,300,48,9
12:07:00.000-12:07:05.000,78,307,39,3
12:07:05.000-12:07:10.000,96,283,44,5
12:07:25.000-12:07:30.000,69,317,48,7
12:07:45.000-12:07:50.000,91,313,47,1
12:08:00.000-12:08:05.000,82,319,38,6
12:08:05.000-12:08:10.000,83,296,68,5
12:08:20.000-12:08:25.000,89,310,46,4
12:08:25.000-12:08:30.000,96,301,46,5
12:08:45.000-12:08:50.000,86,307,47,5
12:09:00.000-12:09:05.000,74,326,35,5
12:09:05.000-12:09:10.000,93,297,48,2
12:09:20.000-12:09:25.000,79,286,49,8
12:09:25.000-12:09:30.000,96,277,36,5
12:09:45.000-12:09:50.000,80,292,34,12
12:09:55.000-12:10:00.000,69,304,41,1
12:10:10.000-12:10:15.000,92,283,37,6
12:10:30.000-12:10:35.000,85,285,39,6
12:10:35.000-12:10:40.000,81,301,32,1
12:10:50.000-12:10:55.000,84,272,57,3
12:11:10.000-12:11:15.000,90,299,37,9
12:11:30.000-12:11:35.000,91,292,37,6
12:11:35.000-12:11:40.000,77,286,57,4
12:11:50.000-12:11:55.000,83,300,44,2
12:12:10.000-12:12:15.000,91,302,38,3
12:12:30.000-12:12:35.000,86,301,34,3
12:12:35.000-12:12:40.000,72,305,41,1
12:12:50.000-12:12:55.000,90,288,48,3
12:13:10.000-12:13:15.000,101,280,38,5
12:13:30.000-12:13:35.000,81,301,45,5
12:13:50.000-12:13:55.000,81,278,52,4
12:14:05.000-12:14:10.000,82,298,42,4
12:14:30.000-12:14:35.000,76,308,37,4
12:14:50.000-12:14:55.000,63,327,50,2
12:15:05.000-12:15:10.000,81,293,44,5
12:15:30.000-12:15:35.000,75,295,51,5
12:15:50.000-12:15:55.000,80,298,44,4
12:16:05.000-12:16:10.000,75,296,47,6
12:16:50.000-12:16:55.000,79,306,34,2
12:17:05.000-12:17:10.000,89,301,36,3
12:17:25.000-12:17:30.000,78,312,44,1
12:17:50.000-12:17:55.000,70,313,41,2
12:18:00.000-12:18:05.000,88,287,50,3
12:18:05.000-12:18:10.000,65,312,50,4
12:18:25.000-12:18:30.000,75,307,38,2
12:18:50.000-12:18:55.000,90,283,42,7
12:19:00.000-12:19:05.000,85,300,43,3
12:19:05.000-12:19:10.000,61,314,44,3
12:19:25.000-12:19:30.000,99,271,53,4
12:19:55.000-12:20:00.000,75,308,37,4
12:20:10.000-12:20:15.000,90,282,51,4
12:20:15.000-12:20:20.000,84,307,46,4
12:20:30.000-12:20:35.000,81,300,44,3
12:20:35.000-12:20:40.000,75,330,31,1
12:20:50.000-12:20:55.000,78,308,45,4
12:21:10.000-12:21:15.000,81,301,35,4
12:21:15.000-12:21:20.000,91,303,44,3
12:21:30.000-12:21:35.000,77,301,37,5
12:21:35.000-12:21:40.000,84,286,47,8
12:21:50.000-12:21:55.000,79,305,54,3
12:22:10.000-12:22:15.000,70,297,57,3
12:22:15.000-12:22:20.000,64,322,47,5
12:22:30.000-12:22:35.000,85,308,37,3
12:22:35.000-12:22:40.000,84,298,46,5
12:22:50.000-12:22:55.000,77,295,42,5
12:23:10.000-12:23:15.000,72,315,45,5
12:23:30.000-12:23:35.000,80,303,35,8
12:23:35.000-12:23:40.000,78,301,46,7
12:23:50.000-12:23:55.000,73,322,28,3
12:24:10.000-12:24:15.000,89,311,30,1
12:24:30.000-12:24:35.000,67,318,30,7
12:24:35.000-12:24:40.000,84,287,33,4
12:24:50.000-12:24:55.000,96,299,36,5
12:25:10.000-12:25:15.000,98,269,48,7
12:25:30.000-12:25:35.000,74,304,39,4
12:25:50.000-12:25:55.000,84,314,40,7
12:26:30.000-12:26:35.000,79,300,38,5
12:26:50.000-12:26:55.000,76,297,55,5
12:27:05.000-12:27:10.000,81,268,68,5
12:27:30.000-12:27:35.000,80,314,38,4
12:27:50.000-12:27:55.000,85,306,29,3
12:28:05.000-12:28:10.000,82,310,43,5
12:28:30.000-12:28:35.000,84,298,47,3
12:28:50.000-12:28:55.000,82,296,56,3
12:29:05.000-12:29:10.000,85,299,39,3
12:29:25.000-12:29:30.000,93,279,41,7
12:29:50.000-12:29:55.000,69,323,38,3
12:29:55.000-12:30:00.000,80,290,41,3
12:30:10.000-12:30:15.000,89,293,37,4
12:30:15.000-12:30:20.000,79,314,39,3
12:30:30.000-12:30:35.000,87,295,41,2
12:30:35.000-12:30:40.000,82,289,46,4
12:31:10.000-12:31:15.000,79,282,42,3
12:31:15.000-12:31:20.000,82,282,48,9
12:31:30.000-12:31:35.000,83,305,37,6
12:31:35.000-12:31:40.000,78,285,45,1
12:32:10.000-12:32:15.000,78,305,39,4
12:32:15.000-12:32:20.000,91,296,40,2
12:32:30.000-12:32:35.000,81,312,32,6
12:32:35.000-12:32:40.000,91,292,42,4
12:33:10.000-12:33:15.000,75,299,47,4
12:33:15.000-12:33:20.000,78,301,34,3
12:33:30.000-12:33:35.000,78,306,45,6
12:33:35.000-12:33:40.000,85,311,35,5
12:33:50.000-12:33:55.000,82,295,40,9
12:34:10.000-12:34:15.000,36,158,23,3
12:34:15.000-12:34:20.000,81,285,52,7
12:34:30.000-12:34:35.000,95,285,36,7
12:34:35.000-12:34:40.000,81,289,58,5
12:34:50.000-12:34:55.000,77,297,46,4
12:35:10.000-12:35:15.000,98,290,39,2
12:35:30.000-12:35:35.000,76,305,37,2
12:35:35.000-12:35:40.000,96,273,38,5
12:35:50.000-12:35:55.000,83,309,42,4
12:36:10.000-12:36:15.000,89,279,46,3
12:36:30.000-12:36:35.000,74,293,42,2
12:36:35.000-12:36:40.000,76,295,43,3
12:36:50.000-12:36:55.000,80,302,38,5
12:37:10.000-12:37:15.000,67,305,46,2
12:37:30.000-12:37:35.000,90,306,33,4
12:37:35.000-12:37:40.000,77,308,28,8
12:37:50.000-12:37:55.000,78,301,36,8
12:38:30.000-12:38:35.000,89,296,42,6
12:38:50.000-12:38:55.000,93,278,43,4
12:39:05.000-12:39:10.000,81,311,38,6
12:39:30.000-12:39:35.000,68,315,31,6
12:39:50.000-12:39:55.000,86,291,46,2
12:39:55.000-12:40:00.000,84,295,42,7
12:40:10.000-12:40:15.000,85,302,42,3
12:40:15.000-12:40:20.000,84,302,44,4
12:40:35.000-12:40:40.000,90,301,38,1
12:41:10.000-12:41:15.000,65,313,44,4
12:41:15.000-12:41:20.000,69,303,53,1
12:41:35.000-12:41:40.000,94,289,31,3
12:42:10.000-12:42:15.000,74,302,36,2
12:42:15.000-12:42:20.000,72,303,45,5
12:42:30.000-12:42:35.000,74,319,46,2
12:42:35.000-12:42:40.000,81,297,42,6
12:43:10.000-12:43:15.000,79,293,36,2
12:43:15.000-12:43:20.000,83,280,36,2
12:43:30.000-12:43:35.000,84,301,43,2
12:43:35.000-12:43:40.000,86,288,50,5
12:44:10.000-12:44:15.000,74,317,40,4
12:44:15.000-12:44:20.000,83,277,57,2
12:44:30.000-12:44:35.000,78,302,43,2
12:44:35.000-12:44:40.000,84,308,43,4
12:45:10.000-12:45:15.000,101,279,44,10
12:45:15.000-12:45:20.000,88,302,41,5
12:45:30.000-12:45:35.000,77,293,34,5
12:45:35.000-12:45:40.000,77,303,30,9
12:45:50.000-12:45:55.000,74,298,41,5
12:46:10.000-12:46:15.000,95,284,46,4
12:46:15.000-12:46:20.000,82,301,41,12
12:46:30.000-12:46:35.000,89,278,56,2
12:46:35.000-12:46:40.000,85,294,39,4
12:46:50.000-12:46:55.000,88,285,53,4
12:47:10.000-12:47:15.000,74,289,42,7
12:47:30.000-12:47:35.000,81,282,52,5
12:47:35.000-12:47:40.000,89,300,39,2
12:47:50.000-12:47:55.000,86,313,35,3
12:48:10.000-12:48:15.000,83,297,47,2
12:48:30.000-12:48:35.000,79,314,42,5
12:48:35.000-12:48:40.000,77,305,39,11
12:48:50.000-12:48:55.000,81,292,53,4
12:49:10.000-12:49:15.000,82,286,46,4
12:49:30.000-12:49:35.000,80,306,43,3
12:49:35.000-12:49:40.000,91,302,38,5
12:49:50.000-12:49:55.000,81,302,39,4
12:50:15.000-12:50:20.000,77,291,53,8
12:50:55.000-12:51:00.000,95,293,34,3
12:51:15.000-12:51:20.000,80,307,47,3
12:51:35.000-12:51:40.000,76,316,49,4
12:52:10.000-12:52:15.000,80,301,41,1
12:52:15.000-12:52:20.000,76,300,43,2
12:52:35.000-12:52:40.000,85,284,41,8
12:53:10.000-12:53:15.000,75,291,43,3
12:53:15.000-12:53:20.000,94,264,50,7
12:53:35.000-12:53:40.000,79,301,44,6
12:54:10.000-12:54:15.000,75,299,47,5
12:54:15.000-12:54:20.000,71,301,46,7
12:54:35.000-12:54:40.000,85,292,53,5
12:55:10.000-12:55:15.000,80,312,48,2
12:55:15.000-12:55:20.000,94,293,44,3
12:55:30.000-12:55:35.000,69,293,50,4
12:55:35.000-12:55:40.000,89,283,48,2
12:56:10.000-12:56:15.000,77,302,42,3
12:56:15.000-12:56:20.000,89,307,30,8
12:56:30.000-12:56:35.000,83,298,35,3
12:56:35.000-12:56:40.000,75,295,34,4
12:57:10.000-12:57:15.000,85,304,27,5
12:57:15.000-12:57:20.000,93,293,37,4
12:57:30.000-12:57:35.000,88,289,42,3
12:57:35.000-12:57:40.000,82,286,49,4
12:57:50.000-12:57:55.000,89,306,36,2
12:58:10.000-12:58:15.000,87,280,47,7
12:58:15.000-12:58:20.000,73,301,39,7
12:58:30.000-12:58:35.000,81,302,43,4
12:58:35.000-12:58:40.000,84,299,37,3
12:58:50.000-12:58:55.000,65,292,53,5
12:59:10.000-12:59:15.000,71,291,47,2
12:59:15.000-12:59:20.000,75,282,49,4
12:59:30.000-12:59:35.000,73,316,41,2
12:59:35.000-12:59:40.000,76,312,41,5
12:59:50.000-12:59:55.000,84,282,35,5
13:00:10.000-13:00:15.000,81,317,26,5
13:00:30.000-13:00:35.000,76,279,40,4
13:00:35.000-13:00:40.000,75,294,46,7
13:00:50.000-13:00:55.000,83,290,36,4
13:01:10.000-13:01:15.000,74,303,42,7
13:01:30.000-13:01:35.000,92,266,46,3
13:01:35.000-13:01:40.000,76,291,44,4
13:01:50.000-13:01:55.000,88,296,40,6
13:02:10.000-13:02:15.000,84,298,29,3
13:02:30.000-13:02:35.000,95,285,46,4
13:02:50.000-13:02:55.000,79,312,42,5
13:03:30.000-13:03:35.000,80,309,43,5
13:03:50.000-13:03:55.000,86,296,45,4
13:04:05.000-13:04:10.000,87,295,36,5
13:04:30.000-13:04:35.000,90,304,48,3
13:04:50.000-13:04:55.000,65,317,53,3
13:05:05.000-13:05:10.000,47,195,38,1
13:05:50.000-13:05:55.000,90,300,47,3
13:06:05.000-13:06:10.000,89,313,37,2
13:06:25.000-13:06:30.000,85,298,41,5
13:06:50.000-13:06:55.000,100,308,34,1
13:07:00.000-13:07:05.000,89,294,47,9
13:07:05.000-13:07:10.000,81,314,41,3
13:07:25.000-13:07:30.000,98,296,47,1
13:07:50.000-13:07:55.000,76,318,56,2
13:08:00.000-13:08:05.000,77,319,35,4
13:08:05.000-13:08:10.000,74,314,40,5
13:08:25.000-13:08:30.000,90,304,42,7
13:09:00.000-13:09:05.000,78,314,44,6
13:09:05.000-13:09:10.000,74,321,39,1
13:09:25.000-13:09:30.000,90,317,41,3
13:09:45.000-13:09:50.000,72,307,43,3
13:09:55.000-13:10:00.000,88,288,57,2
13:10:10.000-13:10:15.000,65,314,42,4
13:10:15.000-13:10:20.000,83,293,47,5
13:10:30.000-13:10:35.000,82,304,45,3
13:10:35.000-13:10:40.000,92,305,49,2
13:10:50.000-13:10:55.000,81,319,38,6
13:11:10.000-13:11:15.000,73,281,40,2
13:11:15.000-13:11:20.000,78,297,52,3
13:11:30.000-13:11:35.000,72,315,35,5
13:11:35.000-13:11:40.000,94,306,43,1
13:11:50.000-13:11:55.000,72,324,36,4
13:12:10.000-13:12:15.000,85,312,45,8
13:12:30.000-13:12:35.000,87,299,45,6
13:12:35.000-13:12:40.000,89,298,49,3
13:12:50.000-13:12:55.000,85,315,32,5
13:13:10.000-13:13:15.000,84,309,48,3
13:13:30.000-13:13:35.000,71,313,49,5
13:13:35.000-13:13:40.000,76,315,41,9
13:13:50.000-13:13:55.000,82,313,53,6
13:14:10.000-13:14:15.000,92,297,41,7
13:14:30.000-13:14:35.000,73,323,47,4
13:14:50.000-13:14:55.000,77,294,55,0
13:15:30.000-13:15:35.000,91,281,55,4
13:15:50.000-13:15:55.000,84,269,43,4
13:16:05.000-13:16:10.000,84,296,42,1
13:16:30.000-13:16:35.000,74,300,43,9
13:16:50.000-13:16:55.000,69,291,41,3
13:17:05.000-13:17:10.000,85,297,38,4
13:17:30.000-13:17:35.000,76,302,39,3
13:17:50.000-13:17:55.000,86,273,38,5
13:18:05.000-13:18:10.000,89,298,44,2
13:18:50.000-13:18:55.000,94,300,38,4
13:19:00.000-13:19:05.000,72,290,38,6
13:19:05.000-13:19:10.000,87,275,46,4
13:19:25.000-13:19:30.000,100,297,44,3
13:19:50.000-13:19:55.000,71,321,46,5
13:19:55.000-13:20:00.000,81,308,50,0
13:20:10.000-13:20:15.000,80,316,39,4
13:20:15.000-13:20:20.000,81,314,48,4
13:20:30.000-13:20:35.000,68,311,47,4
13:20:35.000-13:20:40.000,79,294,40,6
13:21:10.000-13:21:15.000,80,298,61,2
13:21:15.000-13:21:20.000,83,302,38,3
13:21:30.000-13:21:35.000,73,324,39,6
13:21:35.000-13:21:40.000,81,317,49,3
13:22:10.000-13:22:15.000,72,310,58,3
13:22:15.000-13:22:20.000,100,305,42,4
13:22:30.000-13:22:35.000,85,314,44,6
13:22:35.000-13:22:40.000,87,317,43,4
13:22:50.000-13:22:55.000,85,314,49,1
13:23:10.000-13:23:15.000,77,322,50,2
13:23:15.000-13:23:20.000,72,315,55,5
13:23:30.000-13:23:35.000,79,315,47,3
13:23:35.000-13:23:40.000,83,311,38,6
13:23:50.000-13:23:55.000,78,328,42,3
13:24:10.000-13:24:15.000,94,320,38,2
13:24:30.000-13:24:35.000,85,310,36,6
13:24:35.000-13:24:40.000,74,315,45,5
13:24:50.000-13:24:55.000,79,334,32,4
13:25:10.000-13:25:15.000,80,306,53,4
13:25:30.000-13:25:35.000,74,317,31,3
13:25:35.000-13:25:40.000,84,287,35,3
13:25:50.000-13:25:55.000,81,291,40,4
13:26:10.000-13:26:15.000,76,320,42,3
13:26:30.000-13:26:35.000,82,302,43,6
13:26:35.000-13:26:40.000,79,307,54,4
13:26:50.000-13:26:55.000,81,303,48,3
13:27:30.000-13:27:35.000,80,319,36,4
13:27:50.000-13:27:55.000,90,307,46,3
13:28:05.000-13:28:10.000,84,302,45,2
13:28:30.000-13:28:35.000,97,300,38,3
13:28:50.000-13:28:55.000,81,313,40,5
13:29:05.000-13:29:10.000,73,299,44,10
13:29:30.000-13:29:35.000,90,305,42,5
13:29:50.000-13:29:55.000,85,319,38,3
13:29:55.000-13:30:00.000,82,309,44,2
13:30:10.000-13:30:15.000,86,293,43,5
13:30:15.000-13:30:20.000,78,320,31,7
13:30:35.000-13:30:40.000,98,300,38,4
13:31:10.000-13:31:15.000,71,327,43,4
13:31:15.000-13:31:20.000,74,318,40,2
13:31:30.000-13:31:35.000,76,319,43,5
13:31:35.000-13:31:40.000,78,291,52,9
13:32:10.000-13:32:15.000,79,310,58,2
13:32:15.000-13:32:20.000,83,311,47,3
13:32:30.000-13:32:35.000,66,314,58,3
13:32:35.000-13:32:40.000,88,309,48,3
13:33:10.000-13:33:15.000,102,299,34,6
13:33:15.000-13:33:20.000,81,315,43,11
13:33:30.000-13:33:35.000,80,318,40,5
13:33:35.000-13:33:40.000,94,310,51,1
13:34:10.000-13:34:15.000,76,321,54,3
13:34:15.000-13:34:20.000,78,321,41,5
13:34:30.000-13:34:35.000,90,289,49,5
13:34:35.000-13:34:40.000,98,286,43,7
13:34:50.000-13:34:55.000,84,315,35,8
13:35:10.000-13:35:15.000,85,307,37,7
13:35:15.000-13:35:20.000,87,305,47,6
13:35:30.000-13:35:35.000,84,319,45,3
13:35:35.000-13:35:40.000,85,301,51,5
13:35:50.000-13:35:55.000,85,310,48,7
13:36:10.000-13:36:15.000,87,301,38,3
13:36:30.000-13:36:35.000,86,307,48,3
13:36:35.000-13:36:40.000,81,312,45,5
13:36:50.000-13:36:55.000,66,330,47,2
13:37:10.000-13:37:15.000,81,286,28,4
13:37:30.000-13:37:35.000,66,334,37,6
13:37:35.000-13:37:40.000,90,305,37,2
13:37:50.000-13:37:55.000,76,320,38,5
13:38:10.000-13:38:15.000,84,290,48,3
13:38:30.000-13:38:35.000,95,300,39,4
13:38:35.000-13:38:40.000,89,302,37,8
13:38:50.000-13:38:55.000,64,309,51,6
13:39:10.000-13:39:15.000,71,287,57,5
13:39:30.000-13:39:35.000,85,323,38,2
13:39:50.000-13:39:55.000,77,310,54,3
13:39:55.000-13:40:00.000,94,296,44,8
13:40:15.000-13:40:20.000,84,316,37,6
13:40:35.000-13:40:40.000,104,289,39,3
13:41:10.000-13:41:15.000,93,293,37,2
13:41:15.000-13:41:20.000,78,307,40,5
13:41:35.000-13:41:40.000,87,295,42,5
13:42:10.000-13:42:15.000,75,296,47,5
13:42:15.000-13:42:20.000,87,292,46,7
13:42:35.000-13:42:40.000,79,310,44,4
13:43:10.000-13:43:15.000,84,306,48,6
13:43:15.000-13:43:20.000,83,315,39,6
13:43:35.000-13:43:40.000,82,286,50,10
13:44:10.000-13:44:15.000,89,307,37,5
13:44:15.000-13:44:20.000,93,290,42,6
13:44:30.000-13:44:35.000,85,270,45,6
13:44:35.000-13:44:40.000,71,297,46,4
13:45:10.000-13:45:15.000,85,313,39,3
13:45:15.000-13:45:20.000,84,287,45,3
13:45:30.000-13:45:35.000,92,272,49,7
13:45:35.000-13:45:40.000,94,304,48,1
13:46:10.000-13:46:15.000,86,279,43,5
13:46:15.000-13:46:20.000,87,271,26,3
13:46:30.000-13:46:35.000,76,310,52,4
13:46:35.000-13:46:40.000,90,313,43,3
13:46:50.000-13:46:55.000,97,287,55,2
13:47:10.000-13:47:15.000,67,312,57,5
13:47:15.000-13:47:20.000,70,324,38,5
13:47:30.000-13:47:35.000,90,310,43,1
13:47:35.000-13:47:40.000,91,310,44,5
13:47:50.000-13:47:55.000,85,307,41,7
13:48:10.000-13:48:15.000,87,315,35,3
13:48:15.000-13:48:20.000,77,321,38,2
13:48:30.000-13:48:35.000,84,318,39,8
13:48:35.000-13:48:40.000,71,339,41,3
13:48:50.000-13:48:55.000,93,307,37,2
13:49:10.000-13:49:15.000,87,293,44,8
13:49:30.000-13:49:35.000,84,283,45,5
13:49:35.000-13:49:40.000,86,285,54,5
13:49:50.000-13:49:55.000,76,306,42,4
13:50:15.000-13:50:20.000,93,306,43,6
13:50:40.000-13:50:45.000,87,301,45,5
13:50:55.000-13:51:00.000,84,301,48,6
13:51:15.000-13:51:20.000,82,298,47,3
13:51:40.000-13:51:45.000,101,279,55,6
13:51:55.000-13:52:00.000,90,296,46,6
13:52:15.000-13:52:20.000,77,312,44,5
13:53:10.000-13:53:15.000,85,295,49,4
13:53:15.000-13:53:20.000,74,301,57,4
13:53:35.000-13:53:40.000,77,308,39,7
13:54:10.000-13:54:15.000,87,306,46,6
13:54:15.000-13:54:20.000,91,298,45,5
13:54:35.000-13:54:40.000,87,299,41,5
13:55:10.000-13:55:15.000,94,299,43,2
13:55:15.000-13:55:20.000,90,303,38,4
13:55:35.000-13:55:40.000,90,289,55,1
13:56:10.000-13:56:15.000,81,300,49,4
13:56:15.000-13:56:20.000,73,323,40,3
13:56:30.000-13:56:35.000,87,304,49,4
13:56:35.000-13:56:40.000,83,309,47,4
13:57:10.000-13:57:15.000,86,313,38,3
13:57:15.000-13:57:20.000,76,292,46,7
13:57:30.000-13:57:35.000,84,318,34,5
13:57:35.000-13:57:40.000,74,307,53,4
13:58:10.000-13:58:15.000,72,327,50,2
13:58:15.000-13:58:20.000,82,295,53,1
13:58:30.000-13:58:35.000,84,313,40,3
13:58:35.000-13:58:40.000,85,321,31,6
13:59:10.000-13:59:15.000,75,298,41,5
13:59:15.000-13:59:20.000,88,301,35,0
13:59:30.000-13:59:35.000,83,285,35,5
13:59:35.000-13:59:40.000,89,301,46,4
13:59:50.000-13:59:55.000,76,313,50,7
14:00:10.000-14:00:15.000,93,284,35,6
14:00:15.000-14:00:20.000,93,302,49,5
14:00:30.000-14:00:35.000,100,278,57,1
14:00:35.000-14:00:40.000,91,294,44,2
14:00:50.000-14:00:55.000,93,306,49,4
14:01:10.000-14:01:15.000,77,320,41,4
14:01:30.000-14:01:35.000,71,316,54,4
14:01:35.000-14:01:40.000,87,297,46,7
14:01:50.000-14:01:55.000,91,332,36,2
14:02:10.000-14:02:15.000,85,305,47,6
14:02:30.000-14:02:35.000,73,312,51,4
14:02:35.000-14:02:40.000,90,293,49,5
14:02:50.000-14:02:55.000,90,296,55,4
14:03:10.000-14:03:15.000,87,323,31,5
14:03:30.000-14:03:35.000,76,311,48,2
14:03:35.000-14:03:40.000,90,303,44,5
14:03:50.000-14:03:55.000,87,314,38,4
14:04:30.000-14:04:35.000,95,299,45,6
14:04:50.000-14:04:55.000,84,314,45,6
14:05:05.000-14:05:10.000,94,325,33,4
14:05:30.000-14:05:35.000,66,317,42,7
14:05:50.000-14:05:55.000,80,326,40,4
14:06:05.000-14:06:10.000,80,299,32,10
14:06:30.000-14:06:35.000,84,302,52,8
14:06:50.000-14:06:55.000,89,310,47,8
14:07:05.000-14:07:10.000,87,298,52,6
14:07:50.000-14:07:55.000,91,324,38,3
14:08:05.000-14:08:10.000,81,314,34,4
14:08:25.000-14:08:30.000,93,310,37,2
14:08:50.000-14:08:55.000,90,322,27,4
14:09:00.000-14:09:05.000,98,301,40,7
14:09:05.000-14:09:10.000,86,314,39,2
14:09:25.000-14:09:30.000,88,316,37,1
14:09:50.000-14:09:55.000,97,309,38,3
14:09:55.000-14:10:00.000,103,287,42,7
14:10:10.000-14:10:15.000,87,320,42,2
14:10:15.000-14:10:20.000,94,306,46,3
14:10:30.000-14:10:35.000,85,303,39,2
14:10:35.000-14:10:40.000,87,308,47,7
14:11:10.000-14:11:15.000,83,309,51,4
14:11:15.000-14:11:20.000,80,325,38,3
14:11:30.000-14:11:35.000,87,304,40,8
14:11:35.000-14:11:40.000,86,315,38,5
14:11:50.000-14:11:55.000,83,327,39,2
14:12:10.000-14:12:15.000,80,303,46,7
14:12:15.000-14:12:20.000,77,326,39,3
14:12:30.000-14:12:35.000,83,292,52,6
14:12:35.000-14:12:40.000,85,305,42,4
14:12:50.000-14:12:55.000,89,310,31,7
14:13:10.000-14:13:15.000,61,298,37,8
14:13:30.000-14:13:35.000,78,280,47,6
14:13:35.000-14:13:40.000,83,271,46,2
14:13:50.000-14:13:55.000,79,302,32,8
14:14:10.000-14:14:15.000,73,298,35,3
14:14:30.000-14:14:35.000,80,294,49,5
14:14:35.000-14:14:40.000,84,299,46,2
14:14:50.000-14:14:55.000,83,276,43,4
14:15:10.000-14:15:15.000,79,298,36,6
14:15:30.000-14:15:35.000,87,302,34,6
14:15:35.000-14:15:40.000,76,309,50,2
14:15:50.000-14:15:55.000,73,293,39,3
14:16:10.000-14:16:15.000,87,287,46,5
14:16:30.000-14:16:35.000,78,295,39,5
14:16:50.000-14:16:55.000,75,305,42,6
14:17:05.000-14:17:10.000,68,300,38,2
14:17:30.000-14:17:35.000,77,278,48,5
14:17:50.000-14:17:55.000,78,299,50,4
14:18:05.000-14:18:10.000,80,286,42,1
14:18:30.000-14:18:35.000,79,281,51,4
14:18:50.000-14:18:55.000,69,296,44,8
14:19:05.000-14:19:10.000,77,277,46,5
14:19:50.000-14:19:55.000,76,285,42,4
14:19:55.000-14:20:00.000,78,292,53,0
14:20:10.000-14:20:15.000,98,278,35,5
14:20:15.000-14:20:20.000,66,295,45,4
14:20:30.000-14:20:35.000,67,295,53,2
14:20:35.000-14:20:40.000,64,321,49,0
14:21:10.000-14:21:15.000,70,310,43,5
14:21:15.000-14:21:20.000,78,296,49,2
14:21:30.000-14:21:35.000,77,278,56,2
14:21:35.000-14:21:40.000,83,269,48,5
14:22:10.000-14:22:15.000,80,292,51,5
14:22:15.000-14:22:20.000,89,300,41,2
14:22:30.000-14:22:35.000,77,287,40,6
14:22:35.000-14:22:40.000,72,289,35,5
14:23:10.000-14:23:15.000,41,170,24,2
15:11:10.000-15:11:15.000,69,275,48,2
15:11:15.000-15:11:20.000,115,274,51,3
15:11:30.000-15:11:35.000,100,307,45,1
15:11:35.000-15:11:40.000,87,288,48,5
15:12:10.000-15:12:15.000,83,316,46,3
15:12:15.000-15:12:20.000,100,295,42,5
15:12:30.000-15:12:35.000,93,307,39,5
15:12:35.000-15:12:40.000,89,298,49,2
15:12:50.000-15:12:55.000,79,316,43,8
15:13:10.000-15:13:15.000,78,298,52,8
15:13:15.000-15:13:20.000,89,301,47,4
15:13:30.000-15:13:35.000,75,336,47,2
15:13:35.000-15:13:40.000,87,318,35,2
15:13:50.000-15:13:55.000,82,289,37,6
15:14:10.000-15:14:15.000,96,290,53,2
15:14:15.000-15:14:20.000,79,314,47,4
15:14:30.000-15:14:35.000,75,295,46,3
15:14:35.000-15:14:40.000,90,290,46,4
15:14:50.000-15:14:55.000,79,312,37,1
15:15:10.000-15:15:15.000,92,309,36,5
15:15:30.000-15:15:35.000,78,314,49,3
15:15:35.000-15:15:40.000,89,303,48,4
15:15:50.000-15:15:55.000,93,280,52,5
15:16:10.000-15:16:15.000,94,312,35,6
15:16:30.000-15:16:35.000,89,313,36,3
15:16:35.000-15:16:40.000,81,310,34,5
15:16:50.000-15:16:55.000,81,311,48,6
15:17:10.000-15:17:15.000,92,307,38,9
15:17:30.000-15:17:35.000,78,304,59,3
15:17:50.000-15:17:55.000,100,311,30,2
15:18:30.000-15:18:35.000,79,324,38,5
15:18:50.000-15:18:55.000,91,295,49,7
15:19:05.000-15:19:10.000,95,303,48,4
15:19:30.000-15:19:35.000,77,326,44,4
15:19:50.000-15:19:55.000,74,300,48,5
15:19:55.000-15:20:00.000,93,280,50,2
15:20:10.000-15:20:15.000,92,319,40,4
15:20:15.000-15:20:20.000,87,305,45,1
15:20:35.000-15:20:40.000,89,296,46,7
15:21:10.000-15:21:15.000,80,302,37,5
15:21:15.000-15:21:20.000,85,285,43,9
15:21:35.000-15:21:40.000,71,295,37,2
15:22:10.000-15:22:15.000,70,310,35,7
15:22:15.000-15:22:20.000,75,305,51,3
15:22:30.000-15:22:35.000,84,278,47,3
15:22:35.000-15:22:40.000,79,284,38,6
15:23:10.000-15:23:15.000,71,289,37,4
15:23:15.000-15:23:20.000,69,296,34,2
15:23:30.000-15:23:35.000,88,294,46,7
15:23:35.000-15:23:40.000,90,283,34,4
15:24:10.000-15:24:15.000,84,288,37,4
15:24:15.000-15:24:20.000,65,294,47,1
15:24:30.000-15:24:35.000,75,311,42,3
15:24:35.000-15:24:40.000,98,287,44,2
15:25:10.000-15:25:15.000,87,310,37,4
15:25:15.000-15:25:20.000,81,285,42,3
15:25:30.000-15:25:35.000,79,292,41,5
15:25:35.000-15:25:40.000,75,300,48,6
15:25:50.000-15:25:55.000,82,281,43,3
15:26:10.000-15:26:15.000,82,305,44,3
15:26:15.000-15:26:20.000,95,294,51,4
15:26:30.000-15:26:35.000,75,289,34,7
15:26:35.000-15:26:40.000,83,287,31,5
15:26:50.000-15:26:55.000,78,297,56,4
15:27:10.000-15:27:15.000,85,294,47,6
15:27:30.000-15:27:35.000,80,316,28,5
15:27:35.000-15:27:40.000,88,291,46,7
15:27:50.000-15:27:55.000,101,274,42,5
15:28:10.000-15:28:15.000,77,305,46,4
15:28:30.000-15:28:35.000,75,310,48,3
15:28:35.000-15:28:40.000,76,313,34,9
15:28:50.000-15:28:55.000,81,306,41,2
15:29:10.000-15:29:15.000,87,301,38,4
15:29:30.000-15:29:35.000,79,302,45,7
15:29:35.000-15:29:40.000,80,305,44,4
15:29:50.000-15:29:55.000,73,284,40,6
15:30:15.000-15:30:20.000,73,308,37,4
15:30:55.000-15:31:00.000,64,293,41,3
15:31:15.000-15:31:20.000,81,295,48,4
15:31:35.000-15:31:40.000,91,284,40,3
15:32:10.000-15:32:15.000,75,294,41,7
15:32:15.000-15:32:20.000,84,300,46,4
15:32:35.000-15:32:40.000,74,297,31,4
15:33:10.000-15:33:15.000,79,288,40,4
15:33:15.000-15:33:20.000,71,292,53,0
15:33:35.000-15:33:40.000,84,312,32,1
15:34:10.000-15:34:15.000,85,300,27,5
15:34:15.000-15:34:20.000,85,295,33,8
15:34:30.000-15:34:35.000,87,310,36,2
15:34:35.000-15:34:40.000,79,308,43,6
15:35:10.000-15:35:15.000,97,282,43,8
15:35:15.000-15:35:20.000,81,311,41,3
15:35:30.000-15:35:35.000,80,295,41,1
15:35:35.000-15:35:40.000,85,299,45,3
15:36:10.000-15:36:15.000,80,299,47,6
15:36:15.000-15:36:20.000,85,322,42,0
15:36:30.000-15:36:35.000,82,305,44,5
15:36:35.000-15:36:40.000,74,325,44,7
15:37:10.000-15:37:15.000,90,321,40,9
15:37:15.000-15:37:20.000,89,295,58,8
15:37:30.000-15:37:35.000,89,307,49,2
15:37:35.000-15:37:40.000,84,312,49,1
15:37:50.000-15:37:55.000,94,286,53,5
15:38:10.000-15:38:15.000,81,313,45,2
15:38:15.000-15:38:20.000,91,309,41,7
15:38:30.000-15:38:35.000,84,297,47,8
15:38:35.000-15:38:40.000,84,309,35,2
15:38:50.000-15:38:55.000,84,318,38,6
15:39:10.000-15:39:15.000,90,298,35,1
15:39:30.000-15:39:35.000,86,304,40,5
15:39:35.000-15:39:40.000,87,294,45,5
15:39:50.000-15:39:55.000,78,306,47,2
15:40:15.000-15:40:20.000,87,306,45,0
15:40:40.000-15:40:45.000,85,275,40,1
15:40:55.000-15:41:00.000,87,270,46,6
15:41:15.000-15:41:20.000,87,284,32,4
15:41:40.000-15:41:45.000,89,305,45,3
15:41:55.000-15:42:00.000,100,301,36,6
15:42:15.000-15:42:20.000,86,291,52,5
15:42:55.000-15:43:00.000,75,307,47,4
15:43:15.000-15:43:20.000,73,323,46,1
15:43:35.000-15:43:40.000,101,285,52,0
15:44:10.000-15:44:15.000,78,310,47,6
15:44:15.000-15:44:20.000,86,313,39,5
15:44:35.000-15:44:40.000,85,301,48,9
15:45:10.000-15:45:15.000,79,321,49,3
15:45:15.000-15:45:20.000,78,326,46,1
15:45:35.000-15:45:40.000,87,306,47,6
15:46:10.000-15:46:15.000,83,315,43,2
15:46:15.000-15:46:20.000,81,307,52,0
15:46:35.000-15:46:40.000,91,319,39,5
15:47:10.000-15:47:15.000,92,298,44,4
15:47:15.000-15:47:20.000,77,311,42,3
15:47:30.000-15:47:35.000,88,304,45,4
15:47:35.000-15:47:40.000,70,320,49,5
15:48:10.000-15:48:15.000,67,338,32,3
15:48:15.000-15:48:20.000,80,318,40,3
15:48:30.000-15:48:35.000,101,285,46,3
15:48:35.000-15:48:40.000,82,316,38,9
15:49:10.000-15:49:15.000,76,327,50,1
15:49:15.000-15:49:20.000,86,311,41,6
15:49:30.000-15:49:35.000,81,311,47,2
15:49:35.000-15:49:40.000,82,310,49,4
15:49:50.000-15:49:55.000,69,318,43,4
15:50:20.000-15:50:25.000,71,317,52,2
15:50:40.000-15:50:45.000,87,306,47,5
15:50:45.000-15:50:50.000,81,306,47,4
15:50:55.000-15:51:00.000,75,309,45,4
15:51:20.000-15:51:25.000,77,319,37,6
15:51:40.000-15:51:45.000,88,315,32,2
15:51:55.000-15:52:00.000,86,304,39,6
15:52:40.000-15:52:45.000,89,297,35,7
15:52:55.000-15:53:00.000,74,323,47,5
15:53:15.000-15:53:20.000,76,329,35,3
15:53:40.000-15:53:45.000,88,286,42,7
15:53:55.000-15:54:00.000,83,309,33,5
15:54:15.000-15:54:20.000,89,291,45,7
15:54:40.000-15:54:45.000,82,300,45,3
15:54:55.000-15:55:00.000,94,298,47,8
15:55:15.000-15:55:20.000,87,302,39,8
15:55:35.000-15:55:40.000,101,288,51,6
15:56:10.000-15:56:15.000,87,299,42,6
15:56:15.000-15:56:20.000,80,301,45,5
15:56:35.000-15:56:40.000,100,285,47,3
15:57:10.000-15:57:15.000,75,319,53,5
15:57:15.000-15:57:20.000,80,323,38,4
15:57:35.000-15:57:40.000,99,300,39,3
15:58:10.000-15:58:15.000,89,300,51,4
15:58:15.000-15:58:20.000,88,291,56,6
15:58:35.000-15:58:40.000,85,307,44,4
16:07:30.000-16:07:35.000,91,295,43,1
16:07:50.000-16:07:55.000,96,318,34,5
16:08:05.000-16:08:10.000,91,310,36,3
16:08:30.000-16:08:35.000,95,306,34,3
16:08:50.000-16:08:55.000,92,292,48,5
16:09:05.000-16:09:10.000,73,334,38,2
16:09:30.000-16:09:35.000,61,329,44,10
16:09:50.000-16:09:55.000,81,325,28,1
16:09:55.000-16:10:00.000,88,309,43,4
16:10:10.000-16:10:15.000,85,319,37,6
16:10:15.000-16:10:20.000,103,303,53,7
16:10:35.000-16:10:40.000,72,322,45,6
16:11:10.000-16:11:15.000,77,293,47,4
16:11:15.000-16:11:20.000,90,280,46,3
16:11:30.000-16:11:35.000,76,306,36,3
16:11:35.000-16:11:40.000,86,302,45,5
16:12:10.000-16:12:15.000,77,316,45,3
16:12:15.000-16:12:20.000,79,315,40,5
16:12:30.000-16:12:35.000,81,306,47,4
16:12:35.000-16:12:40.000,77,317,45,3
16:13:10.000-16:13:15.000,82,320,43,5
16:13:15.000-16:13:20.000,93,310,43,5
16:13:30.000-16:13:35.000,81,300,43,9
16:13:35.000-16:13:40.000,72,321,38,2
16:14:10.000-16:14:15.000,78,311,40,5
16:14:15.000-16:14:20.000,78,311,49,4
16:14:30.000-16:14:35.000,91,316,38,2
16:14:35.000-16:14:40.000,88,304,55,5
16:14:50.000-16:14:55.000,88,310,37,6
16:15:10.000-16:15:15.000,76,314,38,2
16:15:15.000-16:15:20.000,74,301,63,7
16:15:30.000-16:15:35.000,91,295,46,2
16:15:35.000-16:15:40.000,94,302,34,2
16:15:50.000-16:15:55.000,94,298,47,3
16:16:10.000-16:16:15.000,82,291,58,5
16:16:30.000-16:16:35.000,103,302,38,2
16:16:35.000-16:16:40.000,98,306,32,2
16:16:50.000-16:16:55.000,79,318,29,5
16:17:10.000-16:17:15.000,86,307,37,5
16:17:30.000-16:17:35.000,77,306,46,6
16:17:35.000-16:17:40.000,95,300,37,7
16:17:50.000-16:17:55.000,84,306,42,2
16:18:10.000-16:18:15.000,81,315,44,4
16:18:30.000-16:18:35.000,81,317,41,6
16:18:35.000-16:18:40.000,77,309,53,6
16:18:50.000-16:18:55.000,95,293,47,8
16:19:10.000-16:19:15.000,83,322,34,9
16:19:30.000-16:19:35.000,71,306,46,6
16:19:50.000-16:19:55.000,89,317,40,4
16:19:55.000-16:20:00.000,79,270,39,1
16:20:15.000-16:20:20.000,98,311,33,1
16:20:35.000-16:20:40.000,84,317,58,2
16:21:10.000-16:21:15.000,80,312,36,5
16:21:15.000-16:21:20.000,86,312,38,6
16:21:35.000-16:21:40.000,79,330,40,2
16:22:10.000-16:22:15.000,65,319,43,8
16:22:15.000-16:22:20.000,91,305,40,7
16:22:35.000-16:22:40.000,82,294,52,6
16:23:10.000-16:23:15.000,70,294,31,6
16:23:15.000-16:23:20.000,73,290,42,1
16:23:30.000-16:23:35.000,84,304,37,1
16:23:35.000-16:23:40.000,92,275,43,1
16:24:10.000-16:24:15.000,77,304,52,6
16:24:15.000-16:24:20.000,89,306,40,5
16:24:30.000-16:24:35.000,83,315,43,4
16:24:35.000-16:24:40.000,92,308,39,5
16:25:10.000-16:25:15.000,83,312,36,3
16:25:15.000-16:25:20.000,89,305,32,5
16:25:30.000-16:25:35.000,91,302,46,5
16:25:35.000-16:25:40.000,73,323,44,5
16:26:10.000-16:26:15.000,71,312,46,8
16:26:15.000-16:26:20.000,80,313,40,2
16:26:30.000-16:26:35.000,87,306,39,3
16:26:35.000-16:26:40.000,101,305,42,3
16:26:50.000-16:26:55.000,77,316,40,4
16:27:10.000-16:27:15.000,95,312,35,2
16:27:15.000-16:27:20.000,99,308,30,5
16:27:30.000-16:27:35.000,88,309,31,4
16:27:35.000-16:27:40.000,86,307,38,6
16:27:50.000-16:27:55.000,83,332,39,1
16:28:10.000-16:28:15.000,99,295,36,8
16:28:30.000-16:28:35.000,85,317,32,2
16:28:35.000-16:28:40.000,81,322,31,5
16:28:50.000-16:28:55.000,91,308,50,4
16:29:10.000-16:29:15.000,98,287,37,3
16:29:30.000-16:29:35.000,83,287,40,2
16:29:35.000-16:29:40.000,84,270,42,3
16:29:50.000-16:29:55.000,81,298,42,4
16:30:15.000-16:30:20.000,76,300,32,4
16:30:40.000-16:30:45.000,74,304,35,1
16:30:55.000-16:31:00.000,76,297,35,7
16:31:15.000-16:31:20.000,86,280,37,7
16:31:40.000-16:31:45.000,78,289,49,2
16:31:55.000-16:32:00.000,83,287,40,4
16:32:15.000-16:32:20.000,79,287,40,3
16:32:35.000-16:32:40.000,95,292,58,8
16:33:10.000-16:33:15.000,85,295,48,3
16:33:15.000-16:33:20.000,98,293,37,4
16:33:35.000-16:33:40.000,73,268,53,3
16:34:10.000-16:34:15.000,80,289,42,2
16:34:15.000-16:34:20.000,95,284,49,3
16:34:35.000-16:34:40.000,69,281,42,6
16:35:10.000-16:35:15.000,65,295,46,3
16:35:15.000-16:35:20.000,87,286,41,8
16:35:35.000-16:35:40.000,86,281,35,2
16:36:10.000-16:36:15.000,78,288,25,9
16:36:15.000-16:36:20.000,65,276,47,8
16:36:30.000-16:36:35.000,79,313,39,9
16:36:35.000-16:36:40.000,94,274,41,4
16:37:10.000-16:37:15.000,83,284,35,3
16:37:15.000-16:37:20.000,71,293,29,4
16:37:30.000-16:37:35.000,95,308,36,0
16:37:35.000-16:37:40.000,91,303,44,2
16:38:10.000-16:38:15.000,77,320,36,3
16:38:15.000-16:38:20.000,84,286,32,2
16:38:30.000-16:38:35.000,66,283,43,4
16:38:35.000-16:38:40.000,75,308,43,7
16:38:50.000-16:38:55.000,82,270,45,5
16:39:10.000-16:39:15.000,67,321,54,2
16:39:15.000-16:39:20.000,76,312,41,4
16:39:30.000-16:39:35.000,78,272,43,2
16:39:35.000-16:39:40.000,66,302,36,2
16:39:50.000-16:39:55.000,88,283,48,5
16:40:20.000-16:40:25.000,85,300,42,6
16:40:40.000-16:40:45.000,92,274,30,4
16:40:55.000-16:41:00.000,82,301,46,2
16:41:40.000-16:41:45.000,82,277,40,8
16:41:55.000-16:42:00.000,93,309,40,3
16:42:15.000-16:42:20.000,73,284,37,11
16:42:40.000-16:42:45.000,76,271,48,5
16:42:55.000-16:43:00.000,79,265,34,4
16:43:15.000-16:43:20.000,91,265,47,3
16:43:40.000-16:43:45.000,72,315,32,3
16:43:55.000-16:44:00.000,63,287,47,4
16:44:15.000-16:44:20.000,73,284,41,5
16:56:55.000-16:57:00.000,86,291,47,6
16:57:15.000-16:57:20.000,76,285,47,6
